osu file format v14

[General]
AudioFilename: audio.ogg
AudioLeadIn: 0
PreviewTime: 46805
Countdown: 0
SampleSet: Normal
StackLeniency: 0.7
Mode: 1
LetterboxInBreaks: 0
WidescreenStoryboard: 0

[Editor]
DistanceSpacing: 1.2
BeatDivisor: 4
GridSize: 8
TimelineZoom: 3.599998

[Metadata]
Title:Kamiari Algorithm (katagiri Bootleg)
TitleUnicode:神或アルゴリズム (かたぎり Bootleg)
Artist:Masayoshi Oishi feat. Riria.
ArtistUnicode:オーイシマサヨシ feat. りりあ。
Creator:chairIess
Version:Decipher
Source:
Tags:japanese j-core jcore hardcore electronic remix pop j-pop jpop Ken Higeshiro 髭白健 Rei Kudo 工藤嶺 Takayuki "Kojiro" Sasaki 佐々木貴之 コジロー Keisuke Fujimaki 藤巻兄将 Ted Jensen (STERLING SOUND) chairless
BeatmapID:5057299
BeatmapSetID:2350298

[Difficulty]
HPDrainRate:5
CircleSize:5
OverallDifficulty:6.5
ApproachRate:5
SliderMultiplier:1.4
SliderTickRate:1

[Events]
//Background and Video events
0,0,"bg.jpg",0,90
//Break Periods
//Storyboard Layer 0 (Background)
//Storyboard Layer 1 (Fail)
//Storyboard Layer 2 (Pass)
//Storyboard Layer 3 (Foreground)
//Storyboard Layer 4 (Overlay)
//Storyboard Sound Samples

[TimingPoints]
2405,300,4,1,0,90,1,0
3603,-100,4,1,0,85,0,0
3680,-111.111115,4,1,0,85,0,0
10954,-108.69102,4,1,0,85,0,0
11104,-106.32363,4,1,0,85,0,0
11254,-104.00782,4,1,0,85,0,0
11404,-101.74245,4,1,0,85,0,0
11554,-99.52642,4,1,0,85,0,0
11629,-98.43656,4,1,0,85,0,0
11704,-97.35866,4,1,0,85,0,0
11854,-76.9230769230769,4,1,0,100,0,0
12005,-90.9090909090909,4,1,0,100,0,0
12155,-76.9230769230769,4,1,0,100,0,0
13205,-90.9090909090909,4,1,0,100,0,0
18005,-90.9090909090909,4,1,0,90,0,0
18080,-99.9999999999999,4,1,0,90,0,0
36004,-86.95652,4,1,0,90,0,0
36079,-87.71943,4,1,0,90,0,0
36154,-88.48902,4,1,0,90,0,0
36229,-89.26537,4,1,0,90,0,0
36304,-90.04853,4,1,0,90,0,0
36379,-90.838554,4,1,0,90,0,0
36454,-91.63552,4,1,0,90,0,0
36604,-93.25048,4,1,0,90,0,0
36679,-94.0686,4,1,0,90,0,0
36754,-94.893906,4,1,0,90,0,0
36829,-95.72645,4,1,0,90,0,0
36904,-96.566284,4,1,0,90,0,0
36979,-97.413506,4,1,0,90,0,0
37054,-98.26814,4,1,0,90,0,0
37204,-100,4,1,0,80,0,0
37355,-111.111111111111,4,1,0,80,0,0
42004,-100,4,1,0,90,0,0
44554,-99.4588502617491,4,1,0,90,0,0
44629,-99.0867113309762,4,1,0,90,0,0
44704,-98.6779943046003,4,1,0,90,0,0
44854,-97.7808560012151,4,1,0,90,0,0
44929,-97.3017443090372,4,1,0,90,0,0
45004,-96.8065739949704,4,1,0,90,0,0
45154,-95.7772312212023,4,1,0,90,0,0
45229,-95.2466976338612,4,1,0,90,0,0
45304,-94.7075675208294,4,1,0,90,0,0
45454,-93.6083076375231,4,1,0,90,0,0
45604,-92.4876670782309,4,1,0,90,0,0
45679,-91.9214145915178,4,1,0,90,0,0
45754,-91.3521517186138,4,1,0,90,0,0
45829,-90.7805017951438,4,1,0,90,0,0
45904,-90.207030440174,4,1,0,90,0,0
45979,-89.6322523737827,4,1,0,90,0,0
46054,-89.0566371204984,4,1,0,90,0,0
46129,-88.4806138311195,4,1,0,90,0,0
46204,-87.9045753980228,4,1,0,90,0,0
46254,-87.520720478549,4,1,0,90,0,0
46304,-87.1371188013856,4,1,0,90,0,0
46354,-86.7538641641523,4,1,0,90,0,0
46429,-86.1798254738226,4,1,0,90,0,0
46504,-85.6070449068356,4,1,0,90,0,0
46579,-85.0357789352354,4,1,0,90,0,0
46654,-84.4662633799939,4,1,0,90,0,0
46729,-83.8987150703734,4,1,0,90,0,0
46802,-83.1600831600832,4,1,0,90,0,0
47105,-100.0000052,4,1,0,95,0,0
47705,-66.6666666666667,4,1,0,95,0,0
48005,-90.9090909090909,4,1,0,100,0,1
64954,-90.5096733758707,4,1,0,100,0,1
65029,-90.2345263696878,4,1,0,100,0,1
65104,-89.9318878182725,4,1,0,100,0,1
65254,-89.2659470964719,4,1,0,100,0,1
65329,-87.190605,4,1,0,100,0,1
65404,-88.5401704965924,4,1,0,100,0,1
65554,-87.7704512064149,4,1,0,100,0,1
65629,-87.372550402032,4,1,0,100,0,1
65704,-86.9673767846985,4,1,0,100,0,1
65854,-86.1386591598951,4,1,0,100,0,1
66004,-85.2902286090636,4,1,0,100,0,1
66079,-84.8601346056299,4,1,0,100,0,1
66154,-84.4268110717942,4,1,0,100,0,1
66229,-83.9907159258522,4,1,0,100,0,1
66304,-83.5522669302467,4,1,0,100,0,1
66379,-83.1118465029066,4,1,0,100,0,1
66454,-82.669805724635,4,1,0,100,0,1
66529,-82.2264677120619,4,1,0,100,0,1
66604,-81.782130483685,4,1,0,100,0,1
66654,-81.4854873991665,4,1,0,100,0,1
66704,-81.188599477735,4,1,0,100,0,1
66754,-80.8915393668804,4,1,0,100,0,1
66804,-80.5943761405471,4,1,0,100,0,1
66854,-80.2971755070153,4,1,0,100,0,1
66904,-80,4,1,0,100,0,1
67205,-90.9090909090909,4,1,0,100,0,0
72003,-90.90909,4,1,0,90,0,0
72154,-91.61798,4,1,0,90,0,0
72229,-91.97213,4,1,0,90,0,0
72304,-92.32765,4,1,0,90,0,0
72454,-93.04282,4,1,0,90,0,0
72604,-93.763535,4,1,0,90,0,0
72679,-94.12597,4,1,0,90,0,0
72829,-94.855064,4,1,0,90,0,0
72904,-95.22173,4,1,0,90,0,0
73204,-96.70262,4,1,0,90,0,0
73354,-97.451675,4,1,0,90,0,0
73429,-97.82838,4,1,0,90,0,0
73504,-98.206535,4,1,0,90,0,0
73654,-98.96723,4,1,0,90,0,0
73804,-99.73383,4,1,0,90,0,0
73879,-100.119354,4,1,0,90,0,0
74029,-100.894875,4,1,0,90,0,0
74104,-101.28488,4,1,0,90,0,0
74404,-102.86006,4,1,0,90,0,0
74554,-103.656815,4,1,0,90,0,0
74629,-104.057495,4,1,0,90,0,0
74704,-104.45973,4,1,0,90,0,0
74854,-105.268875,4,1,0,90,0,0
75004,-106.08428,4,1,0,90,0,0
75079,-106.49436,4,1,0,90,0,0
75154,-106.90601,4,1,0,90,0,0
75304,-107.73411,4,1,0,90,0,0
75454,-108.5686,4,1,0,90,0,0
75604,-109.40958,4,1,0,90,0,0
75679,-109.832504,4,1,0,90,0,0
75754,-110.257065,4,1,0,90,0,0
75829,-110.683266,4,1,0,90,0,0
75904,-111.111115,4,1,0,90,0,0
76805,-100.00000315,4,1,0,90,0,0
80404,-86.95652,4,1,0,90,0,0
80554,-88.48902,4,1,0,90,0,0
80704,-90.04853,4,1,0,90,0,0
80779,-90.838554,4,1,0,90,0,0
80854,-91.63552,4,1,0,90,0,0
80929,-92.439476,4,1,0,90,0,0
81004,-93.25048,4,1,0,90,0,0
81080,-94.3396226415094,4,1,0,90,0,0
81154,-94.893906,4,1,0,90,0,0
81304,-96.566284,4,1,0,90,0,0
81455,-98.0392156862745,4,1,0,90,0,0
81604,-100,4,1,0,80,0,0
81905,-111.111111111111,4,1,0,80,0,0
86404,-100,4,1,0,90,0,0
88954,-99.4588502617491,4,1,0,90,0,0
89029,-99.0867113309762,4,1,0,90,0,0
89104,-98.6779943046003,4,1,0,90,0,0
89254,-97.7808560012151,4,1,0,90,0,0
89329,-97.3017443090372,4,1,0,90,0,0
89404,-96.8065739949704,4,1,0,90,0,0
89554,-95.7772312212023,4,1,0,90,0,0
89629,-95.2466976338612,4,1,0,90,0,0
89704,-94.7075675208294,4,1,0,90,0,0
89854,-93.6083076375231,4,1,0,90,0,0
90004,-92.4876670782309,4,1,0,90,0,0
90079,-91.9214145915178,4,1,0,90,0,0
90154,-91.3521517186138,4,1,0,90,0,0
90229,-90.7805017951438,4,1,0,90,0,0
90304,-90.207030440174,4,1,0,90,0,0
90379,-89.6322523737827,4,1,0,90,0,0
90454,-89.0566371204984,4,1,0,90,0,0
90529,-88.4806138311195,4,1,0,90,0,0
90604,-87.9045753980228,4,1,0,90,0,0
90654,-87.520720478549,4,1,0,90,0,0
90704,-87.1371188013856,4,1,0,90,0,0
90754,-86.7538641641523,4,1,0,90,0,0
90829,-86.1798254738226,4,1,0,90,0,0
90904,-85.6070449068356,4,1,0,90,0,0
90979,-85.0357789352354,4,1,0,90,0,0
91054,-84.4662633799939,4,1,0,90,0,0
91129,-83.8987150703734,4,1,0,90,0,0
91201,-82.9921359916231,4,1,0,90,0,0
91505,-100,4,1,0,95,0,0
92105,-66.6666689777779,4,1,0,95,0,0
92405,-90.9090909090909,4,1,0,100,0,1
102005,-90.9090909090909,4,1,0,80,0,0
102154,-100,4,1,0,80,0,0
102304,-100.34045,4,1,0,80,0,0
102454,-100.68206,4,1,0,80,0,0
102604,-101.02483,4,1,0,80,0,0
102754,-101.368774,4,1,0,80,0,0
102829,-101.54118,4,1,0,80,0,0
102904,-101.71388,4,1,0,80,0,0
103054,-102.060165,4,1,0,80,0,0
103354,-102.75629,4,1,0,80,0,0
103504,-103.10612,4,1,0,80,0,0
103654,-103.457146,4,1,0,80,0,0
103729,-103.6331,4,1,0,80,0,0
103804,-103.809364,4,1,0,80,0,0
103954,-104.16278,4,1,0,80,0,0
104104,-104.51741,4,1,0,80,0,0
104404,-105.230286,4,1,0,80,0,0
104704,-105.94801,4,1,0,80,0,0
104854,-106.308716,4,1,0,80,0,0
105004,-106.670654,4,1,0,80,0,0
105154,-107.033806,4,1,0,80,0,0
105304,-107.39821,4,1,0,80,0,0
105454,-107.76384,4,1,0,80,0,0
105529,-107.94713,4,1,0,80,0,0
105604,-108.13072,4,1,0,80,0,0
105754,-108.498856,4,1,0,80,0,0
105829,-108.68339,4,1,0,80,0,0
106054,-109.238884,4,1,0,80,0,0
106204,-109.61079,4,1,0,80,0,0
106354,-109.98396,4,1,0,80,0,0
106504,-110.3584,4,1,0,80,0,0
106579,-110.546104,4,1,0,80,0,0
106654,-110.73412,4,1,0,80,0,0
106804,-111.111115,4,1,0,80,0,0
109204,-111.111111111111,4,1,0,80,0,0
109504,-109.481399190367,4,1,0,80,0,0
109804,-107.182549393834,4,1,0,80,0,0
109954,-105.922162688465,4,1,0,80,0,0
110104,-104.615441511501,4,1,0,80,0,0
110254,-103.275778481085,4,1,0,80,0,0
110404,-101.913399656469,4,1,0,90,0,0
110479,-101.226277184115,4,1,0,90,0,0
110554,-100.536364986058,4,1,0,90,0,0
110630,-99.8444291773097,4,1,0,90,0,0
110704,-99.1511623614962,4,1,0,90,0,0
110854,-97.7630890673481,4,1,0,90,0,0
111004,-96.3765117409538,4,1,0,90,0,0
111079,-95.6849409115399,4,1,0,90,0,0
111154,-94.9950520017815,4,1,0,90,0,0
111304,-66.8615385544037,4,1,0,90,0,0
111605,-90.9090909090909,4,1,0,100,0,1
120005,-90.9090909090909,4,1,0,90,0,0
120304,-95.2380952380952,4,1,0,90,0,0
120450,-96.1294913175157,4,1,0,90,0,0
120600,-97.4634269010091,4,1,0,90,0,0
120750,-99.0699923174695,4,1,0,90,0,0
120825,-99.9624148630197,4,1,0,90,0,0
120900,-100.911347149562,4,1,0,90,0,0
121050,-102.975763413472,4,1,0,90,0,0
121203,-105.263157894737,4,1,0,75,0,0
124355,-100.00000315,4,1,0,75,0,0
124505,-66.6666666666667,4,1,0,100,0,0
124805,-90.9090909090909,4,1,0,100,0,1
141754,-90.5096733758707,4,1,0,100,0,1
141829,-90.2345263696878,4,1,0,100,0,1
141904,-89.9318878182725,4,1,0,100,0,1
142054,-89.2659470964719,4,1,0,100,0,1
142129,-87.190605,4,1,0,100,0,1
142204,-88.5401704965924,4,1,0,100,0,1
142354,-87.7704512064149,4,1,0,100,0,1
142429,-87.372550402032,4,1,0,100,0,1
142504,-86.9673767846985,4,1,0,100,0,1
142654,-86.1386591598951,4,1,0,100,0,1
142804,-85.2902286090636,4,1,0,100,0,1
142879,-84.8601346056299,4,1,0,100,0,1
142954,-84.4268110717942,4,1,0,100,0,1
143029,-83.9907159258522,4,1,0,100,0,1
143104,-83.5522669302467,4,1,0,100,0,1
143179,-83.1118465029066,4,1,0,100,0,1
143254,-82.669805724635,4,1,0,100,0,1
143329,-82.2264677120619,4,1,0,100,0,1
143404,-81.782130483685,4,1,0,100,0,1
143454,-81.4854873991665,4,1,0,100,0,1
143504,-81.188599477735,4,1,0,100,0,1
143554,-80.8915393668804,4,1,0,100,0,1
143604,-80.5943761405471,4,1,0,100,0,1
143654,-80.2971755070153,4,1,0,100,0,1
143704,-80,4,1,0,100,0,1
144005,-90.9090909090909,4,1,0,100,0,0


[HitObjects]
256,192,2405,5,4,1:0:0:0:
256,192,2705,1,0,1:0:0:0:
256,192,2855,1,0,1:0:0:0:
256,192,3005,1,8,1:0:0:0:
256,192,3155,1,8,1:0:0:0:
256,192,3230,1,8,1:0:0:0:
256,192,3305,1,0,1:0:0:0:
256,192,3455,1,8,1:0:0:0:
256,192,3605,1,4,1:0:0:0:
256,192,3905,1,0,1:0:0:0:
256,192,4130,1,8,1:0:0:0:
256,192,4205,1,0,1:0:0:0:
256,192,4355,1,8,1:0:0:0:
256,192,4655,1,0,1:0:0:0:
256,192,4955,1,8,1:0:0:0:
256,192,5105,1,8,1:0:0:0:
256,192,5255,1,0,1:0:0:0:
256,192,5330,1,0,1:0:0:0:
256,192,5405,1,8,1:0:0:0:
256,192,5555,1,0,1:0:0:0:
256,192,6005,1,0,1:0:0:0:
256,192,6305,1,8,1:0:0:0:
256,192,6455,1,8,1:0:0:0:
256,192,6605,1,0,1:0:0:0:
256,192,6905,1,8,1:0:0:0:
256,192,6980,1,0,1:0:0:0:
256,192,7055,1,0,1:0:0:0:
256,192,7130,1,0,1:0:0:0:
256,192,7205,1,8,1:0:0:0:
256,192,7505,1,0,1:0:0:0:
256,192,7805,1,8,1:0:0:0:
256,192,7955,1,0,1:0:0:0:
256,192,8105,1,8,1:0:0:0:
256,192,8255,1,0,1:0:0:0:
256,192,8330,1,0,1:0:0:0:
256,192,8405,1,8,1:0:0:0:
256,192,8705,1,8,1:0:0:0:
256,192,8930,1,0,1:0:0:0:
256,192,9005,1,8,1:0:0:0:
256,192,9155,1,8,1:0:0:0:
256,192,9455,1,0,1:0:0:0:
256,192,9755,1,8,1:0:0:0:
256,192,9905,1,8,1:0:0:0:
256,192,10055,1,0,1:0:0:0:
256,192,10130,1,0,1:0:0:0:
256,192,10205,1,8,1:0:0:0:
256,192,10355,1,0,1:0:0:0:
256,192,10655,1,0,1:0:0:0:
256,192,10805,1,8,1:0:0:0:
256,192,10955,1,8,1:0:0:0:
256,192,11105,1,0,1:0:0:0:
256,192,11255,1,8,1:0:0:0:
256,192,11405,1,0,1:0:0:0:
256,192,11555,1,8,1:0:0:0:
256,192,11630,1,0,1:0:0:0:
256,192,11705,1,0,1:0:0:0:
256,192,11855,1,12,1:0:0:0:
256,192,12155,1,12,1:0:0:0:
256,192,12305,1,12,1:0:0:0:
256,192,12455,1,12,1:0:0:0:
256,192,12605,1,12,1:0:0:0:
256,192,12755,1,12,1:0:0:0:
256,192,12905,1,4,1:0:0:0:
256,192,13205,1,12,1:0:0:0:
256,192,13355,1,0,1:0:0:0:
256,192,13505,1,8,1:0:0:0:
256,192,13655,1,0,1:0:0:0:
256,192,13730,1,8,1:0:0:0:
256,192,13880,1,0,1:0:0:0:
256,192,13955,1,8,1:0:0:0:
256,192,14030,1,8,1:0:0:0:
256,192,14105,1,0,1:0:0:0:
256,192,14255,1,8,1:0:0:0:
256,192,14405,1,0,1:0:0:0:
256,192,14480,1,0,1:0:0:0:
256,192,14555,1,8,1:0:0:0:
256,192,14705,1,0,1:0:0:0:
256,192,14855,1,8,1:0:0:0:
256,192,14930,1,0,1:0:0:0:
256,192,15080,1,8,1:0:0:0:
256,192,15155,1,8,1:0:0:0:
256,192,15230,1,8,1:0:0:0:
256,192,15305,1,0,1:0:0:0:
256,192,15455,1,0,1:0:0:0:
256,192,15605,1,8,1:0:0:0:
256,192,15680,1,8,1:0:0:0:
256,192,15755,1,0,1:0:0:0:
256,192,15905,1,8,1:0:0:0:
256,192,16055,1,0,1:0:0:0:
256,192,16130,1,8,1:0:0:0:
256,192,16280,1,0,1:0:0:0:
256,192,16355,1,8,1:0:0:0:
256,192,16430,1,0,1:0:0:0:
256,192,16505,1,0,1:0:0:0:
256,192,16655,1,8,1:0:0:0:
256,192,16805,1,0,1:0:0:0:
256,192,16880,1,0,1:0:0:0:
256,192,16955,1,8,1:0:0:0:
256,192,17105,1,0,1:0:0:0:
256,192,17255,1,8,1:0:0:0:
256,192,17330,1,0,1:0:0:0:
256,192,17480,1,8,1:0:0:0:
256,192,17555,1,0,1:0:0:0:
256,192,17630,1,0,1:0:0:0:
256,192,17705,1,8,1:0:0:0:
256,192,17855,1,0,1:0:0:0:
256,192,18005,1,12,1:0:0:0:
256,192,18305,1,8,1:0:0:0:
256,192,18455,1,0,1:0:0:0:
256,192,18530,1,0,1:0:0:0:
256,192,18605,1,8,1:0:0:0:
256,192,18755,1,8,1:0:0:0:
256,192,18905,1,0,1:0:0:0:
256,192,19055,1,8,1:0:0:0:
256,192,19130,1,8,1:0:0:0:
256,192,19205,1,0,1:0:0:0:
256,192,19355,1,8,1:0:0:0:
256,192,19505,1,8,1:0:0:0:
256,192,19655,1,0,1:0:0:0:
256,192,19955,1,8,1:0:0:0:
256,192,20105,1,8,1:0:0:0:
256,192,20255,1,0,1:0:0:0:
256,192,20330,1,0,1:0:0:0:
256,192,20405,1,0,1:0:0:0:
256,192,20555,1,0,1:0:0:0:
256,192,20705,1,8,1:0:0:0:
256,192,20855,1,0,1:0:0:0:
256,192,20930,1,0,1:0:0:0:
256,192,21005,1,8,1:0:0:0:
256,192,21155,1,8,1:0:0:0:
256,192,21230,1,8,1:0:0:0:
256,192,21305,1,0,1:0:0:0:
256,192,21455,1,8,1:0:0:0:
256,192,21605,1,0,1:0:0:0:
256,192,21755,1,8,1:0:0:0:
256,192,21905,1,8,1:0:0:0:
256,192,22205,1,8,1:0:0:0:
256,192,22355,1,0,1:0:0:0:
256,192,22430,1,0,1:0:0:0:
256,192,22505,1,8,1:0:0:0:
256,192,22655,1,0,1:0:0:0:
256,192,22805,1,12,1:0:0:0:
256,192,23105,1,8,1:0:0:0:
256,192,23255,1,8,1:0:0:0:
256,192,23405,1,0,1:0:0:0:
256,192,23480,1,0,1:0:0:0:
256,192,23555,1,8,1:0:0:0:
256,192,23630,1,8,1:0:0:0:
256,192,23705,1,0,1:0:0:0:
256,192,23855,1,8,1:0:0:0:
256,192,24005,1,0,1:0:0:0:
256,192,24080,1,8,1:0:0:0:
256,192,24155,1,8,1:0:0:0:
256,192,24305,1,0,1:0:0:0:
256,192,24455,1,8,1:0:0:0:
256,192,24755,1,0,1:0:0:0:
256,192,24905,1,8,1:0:0:0:
256,192,24980,1,0,1:0:0:0:
256,192,25055,1,8,1:0:0:0:
256,192,25130,1,8,1:0:0:0:
256,192,25205,1,0,1:0:0:0:
256,192,25355,1,0,1:0:0:0:
256,192,25430,1,0,1:0:0:0:
256,192,25505,1,8,1:0:0:0:
256,192,25655,1,0,1:0:0:0:
256,192,25805,1,8,1:0:0:0:
256,192,26105,1,0,1:0:0:0:
256,192,26180,1,8,1:0:0:0:
256,192,26255,1,8,1:0:0:0:
256,192,26330,1,0,1:0:0:0:
256,192,26405,1,8,1:0:0:0:
256,192,26555,1,8,1:0:0:0:
256,192,26630,1,8,1:0:0:0:
256,192,26705,1,0,1:0:0:0:
256,192,26855,1,0,1:0:0:0:
256,192,27005,1,0,1:0:0:0:
256,192,27080,1,0,1:0:0:0:
256,192,27155,1,8,1:0:0:0:
256,192,27305,1,8,1:0:0:0:
256,192,27455,1,0,1:0:0:0:
256,192,27605,1,12,1:0:0:0:
256,192,27905,1,8,1:0:0:0:
256,192,28055,1,0,1:0:0:0:
256,192,28130,1,0,1:0:0:0:
256,192,28205,1,8,1:0:0:0:
256,192,28355,1,8,1:0:0:0:
256,192,28505,1,0,1:0:0:0:
256,192,28655,1,0,1:0:0:0:
256,192,28730,1,0,1:0:0:0:
256,192,28805,1,8,1:0:0:0:
256,192,28880,1,8,1:0:0:0:
256,192,28955,1,0,1:0:0:0:
256,192,29105,1,8,1:0:0:0:
256,192,29255,1,0,1:0:0:0:
256,192,29555,1,8,1:0:0:0:
256,192,29630,1,8,1:0:0:0:
256,192,29705,1,0,1:0:0:0:
256,192,29855,1,0,1:0:0:0:
256,192,30005,1,8,1:0:0:0:
256,192,30155,1,0,1:0:0:0:
256,192,30230,1,0,1:0:0:0:
256,192,30305,1,8,1:0:0:0:
256,192,30455,1,0,1:0:0:0:
256,192,30605,1,8,1:0:0:0:
256,192,30755,1,8,1:0:0:0:
256,192,30830,1,0,1:0:0:0:
256,192,30905,1,0,1:0:0:0:
256,192,31055,1,8,1:0:0:0:
256,192,31130,1,8,1:0:0:0:
256,192,31205,1,0,1:0:0:0:
256,192,31280,1,0,1:0:0:0:
256,192,31355,1,8,1:0:0:0:
256,192,31505,1,8,1:0:0:0:
256,192,31805,1,0,1:0:0:0:
256,192,31955,1,8,1:0:0:0:
256,192,32030,1,8,1:0:0:0:
256,192,32105,1,8,1:0:0:0:
256,192,32255,1,0,1:0:0:0:
256,192,32405,1,12,1:0:0:0:
256,192,32705,1,8,1:0:0:0:
256,192,32855,1,0,1:0:0:0:
256,192,33005,1,8,1:0:0:0:
256,192,33080,1,8,1:0:0:0:
256,192,33155,1,0,1:0:0:0:
256,192,33305,1,0,1:0:0:0:
256,192,33455,1,0,1:0:0:0:
256,192,33605,1,8,1:0:0:0:
256,192,33680,1,0,1:0:0:0:
256,192,33755,1,8,1:0:0:0:
256,192,33830,1,8,1:0:0:0:
256,192,33905,1,0,1:0:0:0:
256,192,34055,1,8,1:0:0:0:
256,192,34355,1,0,1:0:0:0:
256,192,34505,1,8,1:0:0:0:
256,192,34580,1,8,1:0:0:0:
256,192,34655,1,0,1:0:0:0:
256,192,34805,1,8,1:0:0:0:
256,192,34955,1,0,1:0:0:0:
256,192,35030,1,0,1:0:0:0:
256,192,35105,1,8,1:0:0:0:
256,192,35180,1,0,1:0:0:0:
256,192,35255,1,0,1:0:0:0:
256,192,35405,1,8,1:0:0:0:
256,192,35555,1,8,1:0:0:0:
256,192,35630,1,0,1:0:0:0:
256,192,35705,1,0,1:0:0:0:
256,192,35855,1,0,1:0:0:0:
256,192,36005,1,8,1:0:0:0:
256,192,36080,1,0,1:0:0:0:
256,192,36155,1,0,1:0:0:0:
256,192,36230,1,8,1:0:0:0:
256,192,36305,1,0,1:0:0:0:
256,192,36380,1,0,1:0:0:0:
256,192,36455,1,8,1:0:0:0:
256,192,36605,1,8,1:0:0:0:
256,192,36680,1,8,1:0:0:0:
256,192,36755,1,0,1:0:0:0:
256,192,36830,1,0,1:0:0:0:
256,192,36905,1,8,1:0:0:0:
256,192,37055,1,0,1:0:0:0:
256,192,37205,1,12,1:0:0:0:
256,192,37505,1,8,1:0:0:0:
256,192,37655,1,0,1:0:0:0:
256,192,37805,1,8,1:0:0:0:
256,192,37880,1,0,1:0:0:0:
256,192,37955,1,8,1:0:0:0:
256,192,38030,1,0,1:0:0:0:
256,192,38105,1,8,1:0:0:0:
256,192,38255,1,8,1:0:0:0:
256,192,38405,1,0,1:0:0:0:
256,192,38480,1,8,1:0:0:0:
256,192,38555,1,0,1:0:0:0:
256,192,38630,1,0,1:0:0:0:
256,192,38705,1,8,1:0:0:0:
256,192,38855,1,0,1:0:0:0:
256,192,39005,1,8,1:0:0:0:
256,192,39080,1,8,1:0:0:0:
256,192,39155,1,0,1:0:0:0:
256,192,39305,1,8,1:0:0:0:
256,192,39455,1,0,1:0:0:0:
256,192,39605,1,0,1:0:0:0:
256,192,39680,1,0,1:0:0:0:
256,192,39755,1,8,1:0:0:0:
256,192,39830,1,0,1:0:0:0:
256,192,39905,1,8,1:0:0:0:
256,192,40055,1,0,1:0:0:0:
256,192,40205,1,8,1:0:0:0:
256,192,40280,1,0,1:0:0:0:
256,192,40355,1,8,1:0:0:0:
256,192,40430,1,8,1:0:0:0:
256,192,40505,1,0,1:0:0:0:
256,192,40655,1,0,1:0:0:0:
256,192,40805,1,8,1:0:0:0:
256,192,40880,1,8,1:0:0:0:
256,192,40955,1,0,1:0:0:0:
256,192,41105,1,8,1:0:0:0:
256,192,41255,1,0,1:0:0:0:
256,192,41405,1,0,1:0:0:0:
256,192,41480,1,8,1:0:0:0:
256,192,41555,1,8,1:0:0:0:
256,192,41630,1,8,1:0:0:0:
256,192,41705,1,0,1:0:0:0:
256,192,41855,1,0,1:0:0:0:
256,192,42005,1,12,1:0:0:0:
256,192,42155,1,0,1:0:0:0:
256,192,42305,1,8,1:0:0:0:
256,192,42380,1,8,1:0:0:0:
256,192,42455,1,0,1:0:0:0:
256,192,42605,1,8,1:0:0:0:
256,192,42755,1,0,1:0:0:0:
256,192,42905,1,8,1:0:0:0:
256,192,42980,1,0,1:0:0:0:
256,192,43055,1,0,1:0:0:0:
256,192,43205,1,0,1:0:0:0:
256,192,43280,1,0,1:0:0:0:
256,192,43355,1,0,1:0:0:0:
256,192,43430,1,0,1:0:0:0:
256,192,43505,1,8,1:0:0:0:
256,192,43655,1,0,1:0:0:0:
256,192,43805,1,8,1:0:0:0:
256,192,43955,1,0,1:0:0:0:
256,192,44105,1,8,1:0:0:0:
256,192,44180,1,8,1:0:0:0:
256,192,44255,1,0,1:0:0:0:
256,192,44405,1,0,1:0:0:0:
256,192,44555,1,0,1:0:0:0:
256,192,44630,1,0,1:0:0:0:
256,192,44705,1,8,1:0:0:0:
256,192,44855,1,0,1:0:0:0:
256,192,44930,1,8,1:0:0:0:
256,192,45005,1,8,1:0:0:0:
256,192,45155,1,8,1:0:0:0:
256,192,45230,1,8,1:0:0:0:
256,192,45305,1,8,1:0:0:0:
256,192,45455,1,0,1:0:0:0:
256,192,45605,1,8,1:0:0:0:
256,192,45680,1,0,1:0:0:0:
256,192,45755,1,8,1:0:0:0:
256,192,45830,1,0,1:0:0:0:
256,192,45905,1,8,1:0:0:0:
256,192,45980,1,8,1:0:0:0:
256,192,46055,1,0,1:0:0:0:
256,192,46130,1,0,1:0:0:0:
256,192,46205,1,8,1:0:0:0:
256,192,46255,1,8,1:0:0:0:
256,192,46305,1,8,1:0:0:0:
256,192,46355,1,0,1:0:0:0:
256,192,46430,1,0,1:0:0:0:
256,192,46505,1,8,1:0:0:0:
256,192,46580,1,8,1:0:0:0:
256,192,46655,1,0,1:0:0:0:
256,192,46730,1,0,1:0:0:0:
256,192,46805,1,8,1:0:0:0:
256,192,47105,1,8,1:0:0:0:
256,192,47255,1,0,1:0:0:0:
256,192,47330,1,8,1:0:0:0:
256,192,47405,1,0,1:0:0:0:
256,192,47555,1,8,1:0:0:0:
256,192,47705,1,4,1:0:0:0:
256,192,48005,1,12,1:0:0:0:
256,192,48155,1,0,1:0:0:0:
256,192,48230,1,0,1:0:0:0:
256,192,48305,1,8,1:0:0:0:
256,192,48455,1,0,1:0:0:0:
256,192,48530,1,0,1:0:0:0:
256,192,48605,1,8,1:0:0:0:
256,192,48680,1,0,1:0:0:0:
256,192,48755,1,8,1:0:0:0:
256,192,48830,1,8,1:0:0:0:
256,192,48905,1,0,1:0:0:0:
256,192,49055,1,8,1:0:0:0:
256,192,49205,1,0,1:0:0:0:
256,192,49355,1,8,1:0:0:0:
256,192,49430,1,8,1:0:0:0:
256,192,49505,1,0,1:0:0:0:
256,192,49580,1,0,1:0:0:0:
256,192,49655,1,8,1:0:0:0:
256,192,49730,1,0,1:0:0:0:
256,192,49805,1,8,1:0:0:0:
256,192,49955,1,8,1:0:0:0:
256,192,50030,1,8,1:0:0:0:
256,192,50105,1,0,1:0:0:0:
256,192,50180,1,0,1:0:0:0:
256,192,50255,1,8,1:0:0:0:
256,192,50405,1,8,1:0:0:0:
256,192,50555,1,0,1:0:0:0:
256,192,50630,1,0,1:0:0:0:
256,192,50705,1,8,1:0:0:0:
256,192,50855,1,0,1:0:0:0:
256,192,50930,1,8,1:0:0:0:
256,192,51005,1,8,1:0:0:0:
256,192,51080,1,0,1:0:0:0:
256,192,51155,1,8,1:0:0:0:
256,192,51305,1,0,1:0:0:0:
256,192,51380,1,0,1:0:0:0:
256,192,51455,1,8,1:0:0:0:
256,192,51605,1,8,1:0:0:0:
256,192,51680,1,8,1:0:0:0:
256,192,51755,1,0,1:0:0:0:
256,192,51830,1,0,1:0:0:0:
256,192,51905,1,8,1:0:0:0:
256,192,51980,1,0,1:0:0:0:
256,192,52055,1,8,1:0:0:0:
256,192,52205,1,0,1:0:0:0:
256,192,52355,1,8,1:0:0:0:
256,192,52430,1,0,1:0:0:0:
256,192,52505,1,8,1:0:0:0:
256,192,52580,1,8,1:0:0:0:
256,192,52655,1,0,1:0:0:0:
256,192,52805,1,8,1:0:0:0:
256,192,52955,1,0,1:0:0:0:
256,192,53030,1,0,1:0:0:0:
256,192,53105,1,8,1:0:0:0:
256,192,53255,1,0,1:0:0:0:
256,192,53330,1,0,1:0:0:0:
256,192,53405,1,8,1:0:0:0:
256,192,53480,1,8,1:0:0:0:
256,192,53555,1,0,1:0:0:0:
256,192,53630,1,8,1:0:0:0:
256,192,53705,1,0,1:0:0:0:
256,192,53855,1,8,1:0:0:0:
256,192,54005,1,0,1:0:0:0:
256,192,54155,1,8,1:0:0:0:
256,192,54230,1,0,1:0:0:0:
256,192,54305,1,8,1:0:0:0:
256,192,54380,1,0,1:0:0:0:
256,192,54455,1,8,1:0:0:0:
256,192,54530,1,8,1:0:0:0:
256,192,54605,1,0,1:0:0:0:
256,192,54755,1,0,1:0:0:0:
256,192,54830,1,8,1:0:0:0:
256,192,54905,1,0,1:0:0:0:
256,192,54980,1,0,1:0:0:0:
256,192,55055,1,8,1:0:0:0:
256,192,55205,1,8,1:0:0:0:
256,192,55355,1,0,1:0:0:0:
256,192,55430,1,0,1:0:0:0:
256,192,55505,1,8,1:0:0:0:
256,192,55655,1,0,1:0:0:0:
256,192,55730,1,0,1:0:0:0:
256,192,55805,1,8,1:0:0:0:
256,192,55880,1,0,1:0:0:0:
256,192,55955,1,8,1:0:0:0:
256,192,56030,1,8,1:0:0:0:
256,192,56105,1,0,1:0:0:0:
256,192,56255,1,8,1:0:0:0:
256,192,56405,1,0,1:0:0:0:
256,192,56480,1,0,1:0:0:0:
256,192,56555,1,8,1:0:0:0:
256,192,56630,1,8,1:0:0:0:
256,192,56705,1,0,1:0:0:0:
256,192,56855,1,8,1:0:0:0:
256,192,57005,1,0,1:0:0:0:
256,192,57080,1,0,1:0:0:0:
256,192,57155,1,0,1:0:0:0:
256,192,57230,1,0,1:0:0:0:
256,192,57305,1,8,1:0:0:0:
256,192,57455,1,0,1:0:0:0:
256,192,57605,1,12,1:0:0:0:
256,192,57905,1,8,1:0:0:0:
256,192,57980,1,0,1:0:0:0:
256,192,58055,1,0,1:0:0:0:
256,192,58130,1,0,1:0:0:0:
256,192,58205,1,8,1:0:0:0:
256,192,58355,1,0,1:0:0:0:
256,192,58505,1,8,1:0:0:0:
256,192,58580,1,8,1:0:0:0:
256,192,58655,1,0,1:0:0:0:
256,192,58805,1,8,1:0:0:0:
256,192,58880,1,0,1:0:0:0:
256,192,58955,1,8,1:0:0:0:
256,192,59030,1,8,1:0:0:0:
256,192,59105,1,0,1:0:0:0:
256,192,59180,1,0,1:0:0:0:
256,192,59255,1,8,1:0:0:0:
256,192,59405,1,8,1:0:0:0:
256,192,59555,1,0,1:0:0:0:
256,192,59630,1,0,1:0:0:0:
256,192,59705,1,8,1:0:0:0:
256,192,59855,1,0,1:0:0:0:
256,192,60005,1,8,1:0:0:0:
256,192,60155,1,0,1:0:0:0:
256,192,60305,1,8,1:0:0:0:
256,192,60380,1,8,1:0:0:0:
256,192,60455,1,0,1:0:0:0:
256,192,60530,1,0,1:0:0:0:
256,192,60605,1,8,1:0:0:0:
256,192,60755,1,0,1:0:0:0:
256,192,60905,1,8,1:0:0:0:
256,192,60980,1,8,1:0:0:0:
256,192,61055,1,8,1:0:0:0:
256,192,61205,1,0,1:0:0:0:
256,192,61280,1,8,1:0:0:0:
256,192,61355,1,0,1:0:0:0:
256,192,61430,1,0,1:0:0:0:
256,192,61505,1,8,1:0:0:0:
256,192,61580,1,8,1:0:0:0:
256,192,61655,1,0,1:0:0:0:
256,192,61805,1,8,1:0:0:0:
256,192,61955,1,0,1:0:0:0:
256,192,62030,1,0,1:0:0:0:
256,192,62105,1,8,1:0:0:0:
256,192,62255,1,0,1:0:0:0:
256,192,62405,1,8,1:0:0:0:
256,192,62555,1,0,1:0:0:0:
256,192,62705,1,8,1:0:0:0:
256,192,62780,1,0,1:0:0:0:
256,192,62855,1,0,1:0:0:0:
256,192,62930,1,0,1:0:0:0:
256,192,63005,1,8,1:0:0:0:
256,192,63155,1,0,1:0:0:0:
256,192,63305,1,8,1:0:0:0:
256,192,63380,1,0,1:0:0:0:
256,192,63455,1,0,1:0:0:0:
256,192,63605,1,8,1:0:0:0:
256,192,63680,1,8,1:0:0:0:
256,192,63755,1,0,1:0:0:0:
256,192,63830,1,0,1:0:0:0:
256,192,63905,1,8,1:0:0:0:
256,192,63980,1,0,1:0:0:0:
256,192,64055,1,8,1:0:0:0:
256,192,64205,1,8,1:0:0:0:
256,192,64355,1,0,1:0:0:0:
256,192,64430,1,0,1:0:0:0:
256,192,64505,1,8,1:0:0:0:
256,192,64655,1,0,1:0:0:0:
256,192,64805,1,12,1:0:0:0:
256,192,64955,1,0,1:0:0:0:
256,192,65030,1,0,1:0:0:0:
256,192,65105,1,8,1:0:0:0:
256,192,65255,1,0,1:0:0:0:
256,192,65405,1,12,1:0:0:0:
256,192,65555,1,0,1:0:0:0:
256,192,65630,1,0,1:0:0:0:
256,192,65705,1,8,1:0:0:0:
256,192,65855,1,0,1:0:0:0:
256,192,66005,1,8,1:0:0:0:
256,192,66080,1,8,1:0:0:0:
256,192,66155,1,0,1:0:0:0:
256,192,66230,1,8,1:0:0:0:
256,192,66305,1,0,1:0:0:0:
256,192,66380,1,0,1:0:0:0:
256,192,66455,1,8,1:0:0:0:
256,192,66530,1,8,1:0:0:0:
256,192,66605,1,0,1:0:0:0:
256,192,66655,1,0,1:0:0:0:
256,192,66705,1,0,1:0:0:0:
256,192,66755,1,8,1:0:0:0:
256,192,66805,1,8,1:0:0:0:
256,192,66855,1,8,1:0:0:0:
256,192,66905,1,0,1:0:0:0:
256,192,67205,1,12,1:0:0:0:
256,192,67355,1,0,1:0:0:0:
256,192,67505,1,8,1:0:0:0:
256,192,67655,1,8,1:0:0:0:
256,192,67730,1,0,1:0:0:0:
256,192,67880,1,8,1:0:0:0:
256,192,67955,1,0,1:0:0:0:
256,192,68030,1,0,1:0:0:0:
256,192,68105,1,8,1:0:0:0:
256,192,68255,1,8,1:0:0:0:
256,192,68405,1,0,1:0:0:0:
256,192,68480,1,0,1:0:0:0:
256,192,68555,1,8,1:0:0:0:
256,192,68705,1,0,1:0:0:0:
256,192,68855,1,0,1:0:0:0:
256,192,68930,1,8,1:0:0:0:
256,192,69080,1,8,1:0:0:0:
256,192,69155,1,0,1:0:0:0:
256,192,69230,1,8,1:0:0:0:
256,192,69305,1,8,1:0:0:0:
256,192,69455,1,8,1:0:0:0:
256,192,69530,1,8,1:0:0:0:
256,192,69605,1,0,1:0:0:0:
256,192,69755,1,0,1:0:0:0:
256,192,69905,1,8,1:0:0:0:
256,192,70055,1,0,1:0:0:0:
256,192,70130,1,8,1:0:0:0:
256,192,70280,1,0,1:0:0:0:
256,192,70355,1,8,1:0:0:0:
256,192,70430,1,8,1:0:0:0:
256,192,70505,1,0,1:0:0:0:
256,192,70655,1,8,1:0:0:0:
256,192,70805,1,0,1:0:0:0:
256,192,70880,1,0,1:0:0:0:
256,192,70955,1,8,1:0:0:0:
256,192,71105,1,0,1:0:0:0:
256,192,71255,1,8,1:0:0:0:
256,192,71330,1,0,1:0:0:0:
256,192,71480,1,8,1:0:0:0:
256,192,71555,1,8,1:0:0:0:
256,192,71630,1,8,1:0:0:0:
256,192,71705,1,0,1:0:0:0:
256,192,71855,1,0,1:0:0:0:
256,192,72005,1,12,1:0:0:0:
256,192,72155,1,0,1:0:0:0:
256,192,72230,1,0,1:0:0:0:
256,192,72305,1,8,1:0:0:0:
256,192,72455,1,8,1:0:0:0:
256,192,72605,1,0,1:0:0:0:
256,192,72680,1,8,1:0:0:0:
256,192,72830,1,8,1:0:0:0:
256,192,72905,1,8,1:0:0:0:
256,192,73205,1,8,1:0:0:0:
256,192,73355,1,0,1:0:0:0:
256,192,73430,1,0,1:0:0:0:
256,192,73505,1,8,1:0:0:0:
256,192,73655,1,0,1:0:0:0:
256,192,73805,1,0,1:0:0:0:
256,192,73880,1,8,1:0:0:0:
256,192,74030,1,8,1:0:0:0:
256,192,74105,1,0,1:0:0:0:
256,192,74405,1,8,1:0:0:0:
256,192,74555,1,0,1:0:0:0:
256,192,74630,1,0,1:0:0:0:
256,192,74705,1,8,1:0:0:0:
256,192,74855,1,0,1:0:0:0:
256,192,75005,1,8,1:0:0:0:
256,192,75080,1,8,1:0:0:0:
256,192,75155,1,0,1:0:0:0:
256,192,75305,1,8,1:0:0:0:
256,192,75455,1,8,1:0:0:0:
256,192,75605,1,0,1:0:0:0:
256,192,75680,1,0,1:0:0:0:
256,192,75755,1,8,1:0:0:0:
256,192,75905,1,8,1:0:0:0:
256,192,76205,1,8,1:0:0:0:
256,192,76355,1,0,1:0:0:0:
256,192,76430,1,0,1:0:0:0:
256,192,76505,1,8,1:0:0:0:
256,192,76655,1,0,1:0:0:0:
256,192,76805,1,12,1:0:0:0:
256,192,77105,1,0,1:0:0:0:
256,192,77255,1,8,1:0:0:0:
256,192,77405,1,0,1:0:0:0:
256,192,77480,1,0,1:0:0:0:
256,192,77555,1,8,1:0:0:0:
256,192,77630,1,0,1:0:0:0:
256,192,77705,1,8,1:0:0:0:
256,192,77855,1,0,1:0:0:0:
256,192,78005,1,8,1:0:0:0:
256,192,78155,1,0,1:0:0:0:
256,192,78230,1,0,1:0:0:0:
256,192,78305,1,8,1:0:0:0:
256,192,78455,1,8,1:0:0:0:
256,192,78755,1,0,1:0:0:0:
256,192,78905,1,8,1:0:0:0:
256,192,78980,1,8,1:0:0:0:
256,192,79055,1,0,1:0:0:0:
256,192,79205,1,8,1:0:0:0:
256,192,79355,1,0,1:0:0:0:
256,192,79430,1,0,1:0:0:0:
256,192,79505,1,8,1:0:0:0:
256,192,79655,1,0,1:0:0:0:
256,192,79805,1,8,1:0:0:0:
256,192,79880,1,0,1:0:0:0:
256,192,79955,1,8,1:0:0:0:
256,192,80030,1,8,1:0:0:0:
256,192,80105,1,0,1:0:0:0:
256,192,80255,1,0,1:0:0:0:
256,192,80405,1,8,1:0:0:0:
256,192,80555,1,8,1:0:0:0:
256,192,80705,1,0,1:0:0:0:
256,192,80780,1,0,1:0:0:0:
256,192,80855,1,8,1:0:0:0:
256,192,80930,1,8,1:0:0:0:
256,192,81005,1,0,1:0:0:0:
256,192,81080,1,8,1:0:0:0:
256,192,81155,1,0,1:0:0:0:
256,192,81305,1,8,1:0:0:0:
256,192,81455,1,0,1:0:0:0:
256,192,81605,1,12,1:0:0:0:
256,192,81905,1,0,1:0:0:0:
256,192,82055,1,0,1:0:0:0:
256,192,82205,1,8,1:0:0:0:
256,192,82280,1,8,1:0:0:0:
256,192,82355,1,0,1:0:0:0:
256,192,82430,1,8,1:0:0:0:
256,192,82505,1,0,1:0:0:0:
256,192,82655,1,0,1:0:0:0:
256,192,82805,1,8,1:0:0:0:
256,192,82880,1,8,1:0:0:0:
256,192,82955,1,0,1:0:0:0:
256,192,83105,1,8,1:0:0:0:
256,192,83255,1,0,1:0:0:0:
256,192,83405,1,8,1:0:0:0:
256,192,83480,1,8,1:0:0:0:
256,192,83555,1,0,1:0:0:0:
256,192,83630,1,0,1:0:0:0:
256,192,83705,1,8,1:0:0:0:
256,192,83855,1,8,1:0:0:0:
256,192,84005,1,0,1:0:0:0:
256,192,84080,1,0,1:0:0:0:
256,192,84155,1,0,1:0:0:0:
256,192,84230,1,8,1:0:0:0:
256,192,84305,1,0,1:0:0:0:
256,192,84455,1,0,1:0:0:0:
256,192,84605,1,8,1:0:0:0:
256,192,84680,1,8,1:0:0:0:
256,192,84755,1,0,1:0:0:0:
256,192,84905,1,8,1:0:0:0:
256,192,85055,1,0,1:0:0:0:
256,192,85205,1,0,1:0:0:0:
256,192,85280,1,0,1:0:0:0:
256,192,85355,1,8,1:0:0:0:
256,192,85430,1,0,1:0:0:0:
256,192,85505,1,0,1:0:0:0:
256,192,85655,1,8,1:0:0:0:
256,192,85805,1,8,1:0:0:0:
256,192,85880,1,8,1:0:0:0:
256,192,85955,1,0,1:0:0:0:
256,192,86030,1,0,1:0:0:0:
256,192,86105,1,8,1:0:0:0:
256,192,86255,1,0,1:0:0:0:
256,192,86405,1,12,1:0:0:0:
256,192,86555,1,0,1:0:0:0:
256,192,86630,1,0,1:0:0:0:
256,192,86705,1,8,1:0:0:0:
256,192,86855,1,0,1:0:0:0:
256,192,87005,1,8,1:0:0:0:
256,192,87080,1,8,1:0:0:0:
256,192,87155,1,0,1:0:0:0:
256,192,87305,1,8,1:0:0:0:
256,192,87455,1,0,1:0:0:0:
256,192,87605,1,8,1:0:0:0:
256,192,87680,1,8,1:0:0:0:
256,192,87755,1,0,1:0:0:0:
256,192,87830,1,8,1:0:0:0:
256,192,87905,1,0,1:0:0:0:
256,192,88055,1,0,1:0:0:0:
256,192,88205,1,8,1:0:0:0:
256,192,88280,1,8,1:0:0:0:
256,192,88355,1,0,1:0:0:0:
256,192,88430,1,0,1:0:0:0:
256,192,88505,1,8,1:0:0:0:
256,192,88655,1,0,1:0:0:0:
256,192,88805,1,8,1:0:0:0:
256,192,88955,1,0,1:0:0:0:
256,192,89030,1,0,1:0:0:0:
256,192,89105,1,8,1:0:0:0:
256,192,89255,1,0,1:0:0:0:
256,192,89330,1,8,1:0:0:0:
256,192,89405,1,8,1:0:0:0:
256,192,89555,1,8,1:0:0:0:
256,192,89630,1,8,1:0:0:0:
256,192,89705,1,8,1:0:0:0:
256,192,89855,1,0,1:0:0:0:
256,192,90005,1,8,1:0:0:0:
256,192,90080,1,0,1:0:0:0:
256,192,90155,1,8,1:0:0:0:
256,192,90230,1,0,1:0:0:0:
256,192,90305,1,8,1:0:0:0:
256,192,90380,1,8,1:0:0:0:
256,192,90455,1,0,1:0:0:0:
256,192,90530,1,0,1:0:0:0:
256,192,90605,1,8,1:0:0:0:
256,192,90655,1,8,1:0:0:0:
256,192,90705,1,8,1:0:0:0:
256,192,90755,1,0,1:0:0:0:
256,192,90830,1,0,1:0:0:0:
256,192,90905,1,8,1:0:0:0:
256,192,90980,1,8,1:0:0:0:
256,192,91055,1,0,1:0:0:0:
256,192,91130,1,0,1:0:0:0:
256,192,91205,1,8,1:0:0:0:
256,192,91505,1,8,1:0:0:0:
256,192,91805,1,8,1:0:0:0:
256,192,92105,1,4,1:0:0:0:
256,192,92405,1,12,1:0:0:0:
256,192,92555,1,0,1:0:0:0:
256,192,92630,1,0,1:0:0:0:
256,192,92705,1,8,1:0:0:0:
256,192,92855,1,0,1:0:0:0:
256,192,92930,1,0,1:0:0:0:
256,192,93005,1,8,1:0:0:0:
256,192,93080,1,8,1:0:0:0:
256,192,93155,1,0,1:0:0:0:
256,192,93230,1,0,1:0:0:0:
256,192,93305,1,8,1:0:0:0:
256,192,93455,1,0,1:0:0:0:
256,192,93605,1,8,1:0:0:0:
256,192,93755,1,0,1:0:0:0:
256,192,93830,1,0,1:0:0:0:
256,192,93905,1,8,1:0:0:0:
256,192,93980,1,0,1:0:0:0:
256,192,94055,1,0,1:0:0:0:
256,192,94205,1,8,1:0:0:0:
256,192,94280,1,8,1:0:0:0:
256,192,94355,1,0,1:0:0:0:
256,192,94430,1,0,1:0:0:0:
256,192,94505,1,8,1:0:0:0:
256,192,94580,1,0,1:0:0:0:
256,192,94655,1,0,1:0:0:0:
256,192,94805,1,8,1:0:0:0:
256,192,94880,1,8,1:0:0:0:
256,192,94955,1,0,1:0:0:0:
256,192,95105,1,8,1:0:0:0:
256,192,95255,1,0,1:0:0:0:
256,192,95330,1,0,1:0:0:0:
256,192,95405,1,8,1:0:0:0:
256,192,95480,1,0,1:0:0:0:
256,192,95555,1,0,1:0:0:0:
256,192,95630,1,0,1:0:0:0:
256,192,95705,1,8,1:0:0:0:
256,192,95855,1,0,1:0:0:0:
256,192,96005,1,8,1:0:0:0:
256,192,96080,1,8,1:0:0:0:
256,192,96155,1,0,1:0:0:0:
256,192,96230,1,0,1:0:0:0:
256,192,96305,1,8,1:0:0:0:
256,192,96455,1,0,1:0:0:0:
256,192,96605,1,8,1:0:0:0:
256,192,96680,1,8,1:0:0:0:
256,192,96755,1,0,1:0:0:0:
256,192,96830,1,0,1:0:0:0:
256,192,96905,1,8,1:0:0:0:
256,192,96980,1,0,1:0:0:0:
256,192,97055,1,8,1:0:0:0:
256,192,97205,1,8,1:0:0:0:
256,192,97355,1,0,1:0:0:0:
256,192,97430,1,0,1:0:0:0:
256,192,97505,1,8,1:0:0:0:
256,192,97655,1,0,1:0:0:0:
256,192,97730,1,0,1:0:0:0:
256,192,97805,1,8,1:0:0:0:
256,192,97880,1,8,1:0:0:0:
256,192,97955,1,0,1:0:0:0:
256,192,98030,1,0,1:0:0:0:
256,192,98105,1,8,1:0:0:0:
256,192,98255,1,0,1:0:0:0:
256,192,98405,1,8,1:0:0:0:
256,192,98480,1,0,1:0:0:0:
256,192,98555,1,0,1:0:0:0:
256,192,98630,1,0,1:0:0:0:
256,192,98705,1,8,1:0:0:0:
256,192,98855,1,0,1:0:0:0:
256,192,98930,1,0,1:0:0:0:
256,192,99005,1,8,1:0:0:0:
256,192,99080,1,0,1:0:0:0:
256,192,99155,1,0,1:0:0:0:
256,192,99230,1,0,1:0:0:0:
256,192,99305,1,8,1:0:0:0:
256,192,99455,1,0,1:0:0:0:
256,192,99605,1,8,1:0:0:0:
256,192,99680,1,8,1:0:0:0:
256,192,99755,1,0,1:0:0:0:
256,192,99830,1,0,1:0:0:0:
256,192,99905,1,8,1:0:0:0:
256,192,100055,1,0,1:0:0:0:
256,192,100130,1,0,1:0:0:0:
256,192,100205,1,8,1:0:0:0:
256,192,100280,1,8,1:0:0:0:
256,192,100355,1,0,1:0:0:0:
256,192,100505,1,8,1:0:0:0:
256,192,100655,1,0,1:0:0:0:
256,192,100730,1,8,1:0:0:0:
256,192,100805,1,8,1:0:0:0:
256,192,100880,1,8,1:0:0:0:
256,192,100955,1,0,1:0:0:0:
256,192,101030,1,0,1:0:0:0:
256,192,101105,1,8,1:0:0:0:
256,192,101255,1,0,1:0:0:0:
256,192,101405,1,8,1:0:0:0:
256,192,101480,1,8,1:0:0:0:
256,192,101555,1,8,1:0:0:0:
256,192,101630,1,0,1:0:0:0:
256,192,101705,1,8,1:0:0:0:
256,192,101855,1,0,1:0:0:0:
256,192,102005,1,12,1:0:0:0:
256,192,102305,1,0,1:0:0:0:
256,192,102455,1,0,1:0:0:0:
256,192,102605,1,8,1:0:0:0:
256,192,102755,1,8,1:0:0:0:
256,192,102830,1,8,1:0:0:0:
256,192,102905,1,0,1:0:0:0:
256,192,103055,1,8,1:0:0:0:
256,192,103355,1,0,1:0:0:0:
256,192,103505,1,8,1:0:0:0:
256,192,103655,1,0,1:0:0:0:
256,192,103730,1,0,1:0:0:0:
256,192,103805,1,0,1:0:0:0:
256,192,103955,1,8,1:0:0:0:
256,192,104105,1,8,1:0:0:0:
256,192,104405,1,0,1:0:0:0:
256,192,104705,1,8,1:0:0:0:
256,192,104855,1,0,1:0:0:0:
256,192,105005,1,8,1:0:0:0:
256,192,105155,1,8,1:0:0:0:
256,192,105305,1,0,1:0:0:0:
256,192,105455,1,8,1:0:0:0:
256,192,105530,1,8,1:0:0:0:
256,192,105605,1,0,1:0:0:0:
256,192,105755,1,0,1:0:0:0:
256,192,105830,1,8,1:0:0:0:
256,192,106055,1,0,1:0:0:0:
256,192,106205,1,8,1:0:0:0:
256,192,106355,1,0,1:0:0:0:
256,192,106505,1,0,1:0:0:0:
256,192,106580,1,0,1:0:0:0:
256,192,106655,1,8,1:0:0:0:
256,192,106805,1,4,1:0:0:0:
256,192,107105,1,8,1:0:0:0:
256,192,107255,1,0,1:0:0:0:
256,192,107405,1,8,1:0:0:0:
256,192,107480,1,0,1:0:0:0:
256,192,107555,1,8,1:0:0:0:
256,192,107630,1,8,1:0:0:0:
256,192,107705,1,0,1:0:0:0:
256,192,107855,1,0,1:0:0:0:
256,192,108005,1,8,1:0:0:0:
256,192,108155,1,0,1:0:0:0:
256,192,108455,1,0,1:0:0:0:
256,192,108605,1,8,1:0:0:0:
256,192,108755,1,0,1:0:0:0:
256,192,108830,1,0,1:0:0:0:
256,192,108905,1,8,1:0:0:0:
256,192,109055,1,0,1:0:0:0:
256,192,109205,1,8,1:0:0:0:
256,192,109505,1,0,1:0:0:0:
256,192,109805,1,8,1:0:0:0:
256,192,109955,1,8,1:0:0:0:
256,192,110105,1,0,1:0:0:0:
256,192,110255,1,0,1:0:0:0:
256,192,110405,1,8,1:0:0:0:
256,192,110480,1,8,1:0:0:0:
256,192,110555,1,0,1:0:0:0:
256,192,110630,1,8,1:0:0:0:
256,192,110705,1,0,1:0:0:0:
256,192,110855,1,8,1:0:0:0:
256,192,111005,1,0,1:0:0:0:
256,192,111080,1,0,1:0:0:0:
256,192,111155,1,8,1:0:0:0:
256,192,111305,1,4,1:0:0:0:
256,192,111605,1,12,1:0:0:0:
256,192,111755,1,0,1:0:0:0:
256,192,111830,1,0,1:0:0:0:
256,192,111905,1,8,1:0:0:0:
256,192,112055,1,0,1:0:0:0:
256,192,112205,1,8,1:0:0:0:
256,192,112280,1,0,1:0:0:0:
256,192,112355,1,8,1:0:0:0:
256,192,112430,1,8,1:0:0:0:
256,192,112505,1,0,1:0:0:0:
256,192,112655,1,0,1:0:0:0:
256,192,112805,1,8,1:0:0:0:
256,192,112955,1,0,1:0:0:0:
256,192,113030,1,0,1:0:0:0:
256,192,113105,1,8,1:0:0:0:
256,192,113255,1,0,1:0:0:0:
256,192,113405,1,8,1:0:0:0:
256,192,113480,1,0,1:0:0:0:
256,192,113555,1,0,1:0:0:0:
256,192,113630,1,0,1:0:0:0:
256,192,113705,1,8,1:0:0:0:
256,192,113780,1,0,1:0:0:0:
256,192,113855,1,8,1:0:0:0:
256,192,114005,1,0,1:0:0:0:
256,192,114155,1,8,1:0:0:0:
256,192,114230,1,8,1:0:0:0:
256,192,114305,1,0,1:0:0:0:
256,192,114455,1,8,1:0:0:0:
256,192,114605,1,0,1:0:0:0:
256,192,114680,1,0,1:0:0:0:
256,192,114755,1,8,1:0:0:0:
256,192,114830,1,8,1:0:0:0:
256,192,114905,1,0,1:0:0:0:
256,192,115055,1,8,1:0:0:0:
256,192,115205,1,0,1:0:0:0:
256,192,115280,1,0,1:0:0:0:
256,192,115355,1,8,1:0:0:0:
256,192,115430,1,0,1:0:0:0:
256,192,115505,1,8,1:0:0:0:
256,192,115580,1,8,1:0:0:0:
256,192,115655,1,0,1:0:0:0:
256,192,115730,1,0,1:0:0:0:
256,192,115805,1,8,1:0:0:0:
256,192,115880,1,8,1:0:0:0:
256,192,115955,1,8,1:0:0:0:
256,192,116030,1,0,1:0:0:0:
256,192,116105,1,8,1:0:0:0:
256,192,116405,1,12,1:0:0:0:
256,192,116555,1,0,1:0:0:0:
256,192,116630,1,8,1:0:0:0:
256,192,116705,1,0,1:0:0:0:
256,192,116780,1,0,1:0:0:0:
256,192,116855,1,8,1:0:0:0:
256,192,116930,1,0,1:0:0:0:
256,192,117005,1,8,1:0:0:0:
256,192,117080,1,8,1:0:0:0:
256,192,117155,1,0,1:0:0:0:
256,192,117230,1,0,1:0:0:0:
256,192,117305,1,8,1:0:0:0:
256,192,117455,1,0,1:0:0:0:
256,192,117530,1,0,1:0:0:0:
256,192,117605,1,8,1:0:0:0:
256,192,117680,1,8,1:0:0:0:
256,192,117755,1,0,1:0:0:0:
256,192,117830,1,8,1:0:0:0:
256,192,117905,1,0,1:0:0:0:
256,192,117980,1,0,1:0:0:0:
256,192,118055,1,8,1:0:0:0:
256,192,118130,1,8,1:0:0:0:
256,192,118205,1,0,1:0:0:0:
256,192,118280,1,0,1:0:0:0:
256,192,118355,1,8,1:0:0:0:
256,192,118430,1,0,1:0:0:0:
256,192,118505,1,8,1:0:0:0:
256,192,118580,1,8,1:0:0:0:
256,192,118655,1,0,1:0:0:0:
256,192,118805,1,0,1:0:0:0:
256,192,118955,1,8,1:0:0:0:
256,192,119030,1,8,1:0:0:0:
256,192,119105,1,0,1:0:0:0:
256,192,119180,1,0,1:0:0:0:
256,192,119255,1,8,1:0:0:0:
256,192,119330,1,0,1:0:0:0:
256,192,119405,1,8,1:0:0:0:
256,192,119480,1,8,1:0:0:0:
256,192,119555,1,8,1:0:0:0:
256,192,119630,1,8,1:0:0:0:
256,192,119705,1,0,1:0:0:0:
256,192,119780,1,0,1:0:0:0:
256,192,119855,1,8,1:0:0:0:
256,192,119930,1,0,1:0:0:0:
256,192,120005,1,8,1:0:0:0:
256,192,120305,1,0,1:0:0:0:
256,192,120455,1,0,1:0:0:0:
256,192,120605,1,8,1:0:0:0:
256,192,120755,1,8,1:0:0:0:
256,192,120830,1,8,1:0:0:0:
256,192,120905,1,0,1:0:0:0:
256,192,121055,1,0,1:0:0:0:
256,192,121205,1,12,1:0:0:0:
256,192,124355,1,8,1:0:0:0:
256,192,124505,1,4,1:0:0:0:
256,192,124805,1,12,1:0:0:0:
256,192,124955,1,0,1:0:0:0:
256,192,125030,1,0,1:0:0:0:
256,192,125105,1,8,1:0:0:0:
256,192,125255,1,0,1:0:0:0:
256,192,125330,1,0,1:0:0:0:
256,192,125405,1,8,1:0:0:0:
256,192,125480,1,8,1:0:0:0:
256,192,125555,1,0,1:0:0:0:
256,192,125630,1,8,1:0:0:0:
256,192,125705,1,0,1:0:0:0:
256,192,125855,1,8,1:0:0:0:
256,192,126005,1,0,1:0:0:0:
256,192,126155,1,8,1:0:0:0:
256,192,126230,1,8,1:0:0:0:
256,192,126305,1,0,1:0:0:0:
256,192,126380,1,0,1:0:0:0:
256,192,126455,1,8,1:0:0:0:
256,192,126605,1,8,1:0:0:0:
256,192,126680,1,0,1:0:0:0:
256,192,126755,1,8,1:0:0:0:
256,192,126830,1,8,1:0:0:0:
256,192,126905,1,0,1:0:0:0:
256,192,126980,1,0,1:0:0:0:
256,192,127055,1,8,1:0:0:0:
256,192,127205,1,8,1:0:0:0:
256,192,127355,1,0,1:0:0:0:
256,192,127430,1,0,1:0:0:0:
256,192,127505,1,8,1:0:0:0:
256,192,127655,1,0,1:0:0:0:
256,192,127730,1,8,1:0:0:0:
256,192,127805,1,0,1:0:0:0:
256,192,127880,1,0,1:0:0:0:
256,192,127955,1,8,1:0:0:0:
256,192,128030,1,8,1:0:0:0:
256,192,128105,1,0,1:0:0:0:
256,192,128255,1,0,1:0:0:0:
256,192,128405,1,8,1:0:0:0:
256,192,128480,1,8,1:0:0:0:
256,192,128555,1,0,1:0:0:0:
256,192,128630,1,8,1:0:0:0:
256,192,128705,1,0,1:0:0:0:
256,192,128780,1,0,1:0:0:0:
256,192,128855,1,8,1:0:0:0:
256,192,128930,1,8,1:0:0:0:
256,192,129005,1,0,1:0:0:0:
256,192,129155,1,8,1:0:0:0:
256,192,129230,1,0,1:0:0:0:
256,192,129305,1,8,1:0:0:0:
256,192,129380,1,8,1:0:0:0:
256,192,129455,1,0,1:0:0:0:
256,192,129605,1,8,1:0:0:0:
256,192,129755,1,0,1:0:0:0:
256,192,129830,1,0,1:0:0:0:
256,192,129905,1,8,1:0:0:0:
256,192,130055,1,0,1:0:0:0:
256,192,130130,1,0,1:0:0:0:
256,192,130205,1,8,1:0:0:0:
256,192,130280,1,0,1:0:0:0:
256,192,130355,1,8,1:0:0:0:
256,192,130430,1,8,1:0:0:0:
256,192,130505,1,0,1:0:0:0:
256,192,130655,1,8,1:0:0:0:
256,192,130805,1,0,1:0:0:0:
256,192,130955,1,0,1:0:0:0:
256,192,131030,1,0,1:0:0:0:
256,192,131105,1,8,1:0:0:0:
256,192,131180,1,8,1:0:0:0:
256,192,131255,1,0,1:0:0:0:
256,192,131405,1,8,1:0:0:0:
256,192,131480,1,0,1:0:0:0:
256,192,131555,1,8,1:0:0:0:
256,192,131630,1,0,1:0:0:0:
256,192,131705,1,0,1:0:0:0:
256,192,131780,1,0,1:0:0:0:
256,192,131855,1,8,1:0:0:0:
256,192,132005,1,8,1:0:0:0:
256,192,132080,1,8,1:0:0:0:
256,192,132155,1,0,1:0:0:0:
256,192,132230,1,0,1:0:0:0:
256,192,132305,1,8,1:0:0:0:
256,192,132380,1,0,1:0:0:0:
256,192,132455,1,8,1:0:0:0:
256,192,132530,1,8,1:0:0:0:
256,192,132605,1,8,1:0:0:0:
256,192,132680,1,0,1:0:0:0:
256,192,132755,1,8,1:0:0:0:
256,192,132830,1,8,1:0:0:0:
256,192,132905,1,0,1:0:0:0:
256,192,133055,1,8,1:0:0:0:
256,192,133205,1,0,1:0:0:0:
256,192,133280,1,0,1:0:0:0:
256,192,133355,1,8,1:0:0:0:
256,192,133430,1,0,1:0:0:0:
256,192,133505,1,8,1:0:0:0:
256,192,133655,1,0,1:0:0:0:
256,192,133730,1,8,1:0:0:0:
256,192,133805,1,8,1:0:0:0:
256,192,133880,1,8,1:0:0:0:
256,192,133955,1,0,1:0:0:0:
256,192,134030,1,0,1:0:0:0:
256,192,134105,1,8,1:0:0:0:
256,192,134255,1,0,1:0:0:0:
256,192,134405,1,12,1:0:0:0:
256,192,134705,1,8,1:0:0:0:
256,192,134780,1,0,1:0:0:0:
256,192,134855,1,0,1:0:0:0:
256,192,134930,1,0,1:0:0:0:
256,192,135005,1,8,1:0:0:0:
256,192,135155,1,0,1:0:0:0:
256,192,135305,1,8,1:0:0:0:
256,192,135380,1,0,1:0:0:0:
256,192,135455,1,8,1:0:0:0:
256,192,135605,1,8,1:0:0:0:
256,192,135680,1,8,1:0:0:0:
256,192,135755,1,0,1:0:0:0:
256,192,135830,1,8,1:0:0:0:
256,192,135905,1,0,1:0:0:0:
256,192,135980,1,0,1:0:0:0:
256,192,136055,1,8,1:0:0:0:
256,192,136130,1,8,1:0:0:0:
256,192,136205,1,0,1:0:0:0:
256,192,136355,1,0,1:0:0:0:
256,192,136430,1,0,1:0:0:0:
256,192,136505,1,8,1:0:0:0:
256,192,136655,1,0,1:0:0:0:
256,192,136805,1,8,1:0:0:0:
256,192,136955,1,0,1:0:0:0:
256,192,137105,1,8,1:0:0:0:
256,192,137180,1,8,1:0:0:0:
256,192,137255,1,0,1:0:0:0:
256,192,137330,1,0,1:0:0:0:
256,192,137405,1,8,1:0:0:0:
256,192,137555,1,0,1:0:0:0:
256,192,137705,1,8,1:0:0:0:
256,192,137780,1,0,1:0:0:0:
256,192,137855,1,8,1:0:0:0:
256,192,138005,1,8,1:0:0:0:
256,192,138080,1,0,1:0:0:0:
256,192,138155,1,0,1:0:0:0:
256,192,138230,1,0,1:0:0:0:
256,192,138305,1,8,1:0:0:0:
256,192,138380,1,0,1:0:0:0:
256,192,138455,1,8,1:0:0:0:
256,192,138530,1,8,1:0:0:0:
256,192,138605,1,0,1:0:0:0:
256,192,138755,1,0,1:0:0:0:
256,192,138830,1,0,1:0:0:0:
256,192,138905,1,8,1:0:0:0:
256,192,139055,1,0,1:0:0:0:
256,192,139205,1,8,1:0:0:0:
256,192,139355,1,0,1:0:0:0:
256,192,139505,1,8,1:0:0:0:
256,192,139580,1,0,1:0:0:0:
256,192,139655,1,0,1:0:0:0:
256,192,139730,1,0,1:0:0:0:
256,192,139805,1,8,1:0:0:0:
256,192,139955,1,0,1:0:0:0:
256,192,140105,1,8,1:0:0:0:
256,192,140180,1,8,1:0:0:0:
256,192,140255,1,8,1:0:0:0:
256,192,140405,1,0,1:0:0:0:
256,192,140480,1,8,1:0:0:0:
256,192,140555,1,0,1:0:0:0:
256,192,140630,1,0,1:0:0:0:
256,192,140705,1,8,1:0:0:0:
256,192,140780,1,8,1:0:0:0:
256,192,140855,1,0,1:0:0:0:
256,192,140930,1,0,1:0:0:0:
256,192,141005,1,8,1:0:0:0:
256,192,141155,1,0,1:0:0:0:
256,192,141230,1,0,1:0:0:0:
256,192,141305,1,8,1:0:0:0:
256,192,141455,1,0,1:0:0:0:
256,192,141605,1,12,1:0:0:0:
256,192,141755,1,0,1:0:0:0:
256,192,141830,1,0,1:0:0:0:
256,192,141905,1,8,1:0:0:0:
256,192,142055,1,0,1:0:0:0:
256,192,142205,1,12,1:0:0:0:
256,192,142355,1,0,1:0:0:0:
256,192,142430,1,0,1:0:0:0:
256,192,142505,1,8,1:0:0:0:
256,192,142655,1,0,1:0:0:0:
256,192,142805,1,8,1:0:0:0:
256,192,142880,1,8,1:0:0:0:
256,192,142955,1,0,1:0:0:0:
256,192,143030,1,8,1:0:0:0:
256,192,143105,1,0,1:0:0:0:
256,192,143180,1,0,1:0:0:0:
256,192,143255,1,8,1:0:0:0:
256,192,143330,1,8,1:0:0:0:
256,192,143405,1,0,1:0:0:0:
256,192,143455,1,0,1:0:0:0:
256,192,143505,1,0,1:0:0:0:
256,192,143555,1,8,1:0:0:0:
256,192,143605,1,8,1:0:0:0:
256,192,143655,1,8,1:0:0:0:
256,192,143705,1,0,1:0:0:0:
256,192,144005,1,12,1:0:0:0:
256,192,144155,1,0,1:0:0:0:
256,192,144305,1,8,1:0:0:0:
256,192,144455,1,8,1:0:0:0:
256,192,144530,1,0,1:0:0:0:
256,192,144680,1,8,1:0:0:0:
256,192,144755,1,8,1:0:0:0:
256,192,144830,1,8,1:0:0:0:
256,192,144905,1,0,1:0:0:0:
256,192,145055,1,8,1:0:0:0:
256,192,145205,1,0,1:0:0:0:
256,192,145280,1,0,1:0:0:0:
256,192,145355,1,8,1:0:0:0:
256,192,145505,1,0,1:0:0:0:
256,192,145655,1,8,1:0:0:0:
256,192,145730,1,0,1:0:0:0:
256,192,145880,1,0,1:0:0:0:
256,192,145955,1,8,1:0:0:0:
256,192,146030,1,8,1:0:0:0:
256,192,146105,1,0,1:0:0:0:
256,192,146255,1,8,1:0:0:0:
256,192,146330,1,8,1:0:0:0:
256,192,146405,1,0,1:0:0:0:
256,192,146555,1,8,1:0:0:0:
256,192,146705,1,0,1:0:0:0:
256,192,146855,1,8,1:0:0:0:
256,192,146930,1,0,1:0:0:0:
256,192,147080,1,8,1:0:0:0:
256,192,147155,1,0,1:0:0:0:
256,192,147230,1,0,1:0:0:0:
256,192,147305,1,8,1:0:0:0:
256,192,147455,1,4,1:0:0:0:
