osu file format v14

[General]
AudioFilename: audio.ogg
AudioLeadIn: 0
PreviewTime: 46805
Countdown: 0
SampleSet: Normal
StackLeniency: 0.7
Mode: 1
LetterboxInBreaks: 0
WidescreenStoryboard: 1

[Editor]
DistanceSpacing: 1.2
BeatDivisor: 4
GridSize: 8
TimelineZoom: 2.099999

[Metadata]
Title:Kamiari Algorithm (katagiri Bootleg)
TitleUnicode:神或アルゴリズム (かたぎり Bootleg)
Artist:Masayoshi Oishi feat. Riria.
ArtistUnicode:オーイシマサヨシ feat. りりあ。
Creator:chairIess
Version:Futsuu
Source:
Tags:japanese j-core jcore hardcore electronic remix pop j-pop jpop Ken Higeshiro 髭白健 Rei Kudo 工藤嶺 Takayuki "Kojiro" Sasaki 佐々木貴之 コジロー Keisuke Fujimaki 藤巻兄将 Ted Jensen (STERLING SOUND) chairless
BeatmapID:5057300
BeatmapSetID:2350298

[Difficulty]
HPDrainRate:7
CircleSize:5
OverallDifficulty:4
ApproachRate:5
SliderMultiplier:1.35
SliderTickRate:1

[Events]
//Background and Video events
0,0,"bg.jpg",0,90
//Break Periods
//Storyboard Layer 0 (Background)
//Storyboard Layer 1 (Fail)
//Storyboard Layer 2 (Pass)
//Storyboard Layer 3 (Foreground)
//Storyboard Layer 4 (Overlay)
//Storyboard Sound Samples

[TimingPoints]
2405,300,4,1,0,90,1,0
3605,-100,4,1,0,85,0,0
11855,-100,4,1,0,100,0,0
18005,-100,4,1,0,90,0,0
37205,-100,4,1,0,80,0,0
42005,-100,4,1,0,90,0,0
46805,-100,4,1,0,95,0,0
48005,-100,4,1,0,100,0,1
67205,-100,4,1,0,100,0,0
72005,-100,4,1,0,90,0,0
81605,-100,4,1,0,80,0,0
86405,-100,4,1,0,90,0,0
91205,-100,4,1,0,95,0,0
92405,-100,4,1,0,100,0,1
102005,-100,4,1,0,80,0,0
110405,-100,4,1,0,90,0,0
111605,-100,4,1,0,100,0,1
120005,-100,4,1,0,90,0,0
121205,-100,4,1,0,75,0,0
124505,-100,4,1,0,100,0,0
124805,-100,4,1,0,100,0,1
144005,-100,4,1,0,100,0,0


[HitObjects]
256,192,2405,5,4,1:0:0:0:
256,192,3005,1,8,1:0:0:0:
256,192,3305,1,8,1:0:0:0:
256,192,3605,1,4,1:0:0:0:
256,192,4205,1,0,1:0:0:0:
256,192,4655,1,0,1:0:0:0:
256,192,5105,1,8,1:0:0:0:
256,192,5405,1,8,1:0:0:0:
256,192,6005,1,0,1:0:0:0:
256,192,6605,1,0,1:0:0:0:
256,192,7205,1,8,1:0:0:0:
256,192,7505,1,0,1:0:0:0:
256,192,7805,1,8,1:0:0:0:
256,192,8105,1,8,1:0:0:0:
256,192,8405,1,0,1:0:0:0:
256,192,9005,1,8,1:0:0:0:
256,192,9455,1,0,1:0:0:0:
256,192,9905,1,8,1:0:0:0:
256,192,10205,1,8,1:0:0:0:
256,192,10805,1,8,1:0:0:0:
256,192,11105,1,0,1:0:0:0:
256,192,11405,1,8,1:0:0:0:
256,192,11855,1,12,1:0:0:0:
256,192,12305,1,12,1:0:0:0:
256,192,12605,1,12,1:0:0:0:
256,192,12905,1,4,1:0:0:0:
256,192,13205,1,12,1:0:0:0:
256,192,13505,1,8,1:0:0:0:
249,316,13655,1,0,0:0:0:0:
256,192,13955,1,0,1:0:0:0:
256,192,14105,1,8,1:0:0:0:
256,192,14405,1,0,1:0:0:0:
256,192,14705,1,8,1:0:0:0:
217,212,14855,1,8,0:0:0:0:
256,192,15155,1,0,1:0:0:0:
256,192,15305,1,8,1:0:0:0:
256,192,15605,1,0,1:0:0:0:
256,192,15905,1,0,1:0:0:0:
260,163,16055,1,8,0:0:0:0:
256,192,16355,1,0,1:0:0:0:
256,192,16505,1,0,1:0:0:0:
256,192,16805,1,8,1:0:0:0:
256,192,17105,1,0,1:0:0:0:
260,163,17255,1,8,0:0:0:0:
256,192,17555,1,8,1:0:0:0:
256,192,17705,1,8,1:0:0:0:
256,192,18005,1,12,1:0:0:0:
258,219,18305,1,0,0:0:0:0:
256,192,18455,1,8,1:0:0:0:
313,196,18755,1,8,0:0:0:0:
256,192,19055,1,0,1:0:0:0:
256,192,19355,1,8,1:0:0:0:
256,192,19955,1,8,1:0:0:0:
256,192,20255,1,0,1:0:0:0:
256,192,20705,1,0,1:0:0:0:
338,215,20855,1,8,0:0:0:0:
256,192,21155,1,0,1:0:0:0:
256,192,21455,1,8,1:0:0:0:
340,187,21755,1,8,0:0:0:0:
256,192,21905,1,0,1:0:0:0:
256,192,22205,1,8,1:0:0:0:
256,192,22805,1,12,1:0:0:0:
313,256,23105,1,0,0:0:0:0:
313,256,23255,1,0,0:0:0:0:
256,192,23405,1,8,1:0:0:0:
315,232,23555,1,0,0:0:0:0:
256,192,23855,1,8,1:0:0:0:
256,192,24005,1,8,1:0:0:0:
224,177,24305,1,0,0:0:0:0:
256,192,24455,1,8,1:0:0:0:
256,192,24905,1,0,1:0:0:0:
242,126,25055,1,8,0:0:0:0:
256,192,25355,1,8,1:0:0:0:
256,192,25505,1,8,1:0:0:0:
256,192,26105,1,8,1:0:0:0:
286,125,26255,1,0,0:0:0:0:
256,192,26555,1,8,1:0:0:0:
256,192,26705,1,8,1:0:0:0:
256,192,27305,1,0,1:0:0:0:
256,192,27605,1,12,1:0:0:0:
329,102,27905,1,8,0:0:0:0:
256,192,28055,1,0,1:0:0:0:
256,192,28355,1,8,1:0:0:0:
329,102,28505,1,0,0:0:0:0:
256,192,28655,1,8,1:0:0:0:
256,192,28955,1,0,1:0:0:0:
256,192,29555,1,0,1:0:0:0:
268,140,29705,1,0,0:0:0:0:
256,192,29855,1,8,1:0:0:0:
204,250,30155,1,0,0:0:0:0:
256,192,30305,1,8,1:0:0:0:
204,250,30455,1,0,0:0:0:0:
256,192,30755,1,0,1:0:0:0:
256,192,31055,1,8,1:0:0:0:
412,140,31355,1,0,0:0:0:0:
256,192,31505,1,8,1:0:0:0:
256,192,31805,1,8,1:0:0:0:
299,181,31955,1,0,0:0:0:0:
299,181,32105,1,0,0:0:0:0:
256,192,32405,1,12,1:0:0:0:
202,245,32705,1,0,1:0:0:0:
202,245,32855,1,0,1:0:0:0:
256,192,33005,1,8,1:0:0:0:
202,245,33155,1,0,1:0:0:0:
256,192,33455,1,8,1:0:0:0:
204,250,33605,1,0,0:0:0:0:
256,192,33905,1,8,1:0:0:0:
256,192,34055,1,8,1:0:0:0:
256,192,34505,1,0,1:0:0:0:
305,182,34655,1,0,0:0:0:0:
256,192,34805,1,8,1:0:0:0:
256,192,35105,1,0,1:0:0:0:
256,192,35405,1,8,1:0:0:0:
378,202,35555,1,8,0:0:0:0:
343,206,35705,1,0,0:0:0:0:
256,192,36005,1,8,1:0:0:0:
152,209,36230,1,0,0:0:0:0:
152,209,36455,1,0,0:0:0:0:
256,192,36605,1,8,1:0:0:0:
256,192,37205,1,12,1:0:0:0:
256,192,37505,1,0,1:0:0:0:
256,192,37805,1,8,1:0:0:0:
256,192,37955,1,8,1:0:0:0:
256,192,38105,1,8,1:0:0:0:
256,192,38405,1,0,1:0:0:0:
256,192,38705,1,8,1:0:0:0:
256,192,39005,1,8,1:0:0:0:
256,192,39605,1,0,1:0:0:0:
256,192,39905,1,8,1:0:0:0:
256,192,40205,1,0,1:0:0:0:
256,192,40355,1,0,1:0:0:0:
256,192,40505,1,8,1:0:0:0:
256,192,40805,1,8,1:0:0:0:
256,192,41105,1,8,1:0:0:0:
206,168,41255,1,0,1:0:0:0:
256,192,41405,1,8,1:0:0:0:
256,192,42005,1,12,1:0:0:0:
284,227,42305,1,0,0:0:0:0:
256,192,42605,1,8,1:0:0:0:
256,192,42905,1,8,1:0:0:0:
211,239,43055,1,8,0:0:0:0:
256,192,43205,1,0,1:0:0:0:
256,192,43505,1,0,1:0:0:0:
256,192,43805,1,8,1:0:0:0:
256,192,44105,1,0,1:0:0:0:
247,162,44255,1,0,0:0:0:0:
256,192,44405,1,8,1:0:0:0:
256,192,44705,1,8,1:0:0:0:
256,192,45005,1,0,1:0:0:0:
256,192,45305,1,8,1:0:0:0:
256,192,45605,1,8,1:0:0:0:
256,192,45755,1,8,1:0:0:0:
256,192,45905,1,0,1:0:0:0:
256,192,46205,1,8,1:0:0:0:
256,192,46355,1,8,1:0:0:0:
256,192,46505,1,0,1:0:0:0:
256,192,46655,1,0,1:0:0:0:
256,192,46805,1,8,1:0:0:0:
256,192,47705,1,4,1:0:0:0:
256,192,48005,1,12,1:0:0:0:
256,192,48305,1,8,1:0:0:0:
256,192,48605,1,0,1:0:0:0:
256,192,48755,1,8,1:0:0:0:
256,192,49055,1,0,1:0:0:0:
256,192,49355,1,0,1:0:0:0:
256,192,49505,1,8,1:0:0:0:
256,192,49655,1,8,1:0:0:0:
256,192,49805,1,0,1:0:0:0:
256,192,49955,1,8,1:0:0:0:
256,192,50405,1,8,1:0:0:0:
256,192,50705,1,0,1:0:0:0:
256,192,51005,1,8,1:0:0:0:
256,192,51155,1,8,1:0:0:0:
256,192,51305,1,0,1:0:0:0:
256,192,51605,1,8,1:0:0:0:
256,192,51755,1,8,1:0:0:0:
256,192,51905,1,0,1:0:0:0:
256,192,52055,1,8,1:0:0:0:
256,192,52205,1,0,1:0:0:0:
256,192,52505,1,0,1:0:0:0:
256,192,52805,1,8,1:0:0:0:
256,192,53105,1,8,1:0:0:0:
256,192,53405,1,0,1:0:0:0:
256,192,53555,1,8,1:0:0:0:
256,192,53855,1,0,1:0:0:0:
256,192,54155,1,8,1:0:0:0:
256,192,54305,1,8,1:0:0:0:
256,192,54455,1,0,1:0:0:0:
256,192,54605,1,0,1:0:0:0:
256,192,54755,1,8,1:0:0:0:
256,192,55205,1,8,1:0:0:0:
256,192,55505,1,8,1:0:0:0:
256,192,55655,1,0,1:0:0:0:
256,192,55805,1,8,1:0:0:0:
256,192,56105,1,0,1:0:0:0:
256,192,56255,1,8,1:0:0:0:
256,192,56555,1,8,1:0:0:0:
256,192,56705,1,0,1:0:0:0:
256,192,56855,1,0,1:0:0:0:
256,192,57005,1,8,1:0:0:0:
256,192,57605,1,12,1:0:0:0:
256,192,57905,1,0,1:0:0:0:
256,192,58055,1,0,1:0:0:0:
256,192,58205,1,8,1:0:0:0:
256,192,58505,1,0,1:0:0:0:
256,192,58805,1,8,1:0:0:0:
256,192,59105,1,8,1:0:0:0:
256,192,59255,1,8,1:0:0:0:
256,192,59405,1,0,1:0:0:0:
256,192,59705,1,0,1:0:0:0:
256,192,60005,1,8,1:0:0:0:
256,192,60305,1,8,1:0:0:0:
256,192,60455,1,0,1:0:0:0:
256,192,60605,1,8,1:0:0:0:
256,192,60905,1,8,1:0:0:0:
256,192,61205,1,0,1:0:0:0:
256,192,61505,1,0,1:0:0:0:
256,192,61655,1,8,1:0:0:0:
256,192,61805,1,0,1:0:0:0:
256,192,62405,1,8,1:0:0:0:
256,192,62705,1,0,1:0:0:0:
256,192,62855,1,8,1:0:0:0:
256,192,63005,1,8,1:0:0:0:
256,192,63305,1,0,1:0:0:0:
256,192,63605,1,8,1:0:0:0:
256,192,63905,1,8,1:0:0:0:
256,192,64055,1,0,1:0:0:0:
256,192,64205,1,0,1:0:0:0:
256,192,64505,1,0,1:0:0:0:
256,192,64805,1,12,1:0:0:0:
256,192,65105,1,0,1:0:0:0:
256,192,65405,1,12,1:0:0:0:
256,192,65705,1,0,1:0:0:0:
256,192,66005,1,8,1:0:0:0:
256,192,66155,1,8,1:0:0:0:
256,192,66305,1,0,1:0:0:0:
256,192,66455,1,0,1:0:0:0:
256,192,66605,1,8,1:0:0:0:
256,192,67205,1,12,1:0:0:0:
256,192,67505,1,8,1:0:0:0:
287,179,67655,1,0,0:0:0:0:
256,192,67955,1,0,1:0:0:0:
256,192,68105,1,8,1:0:0:0:
256,192,68405,1,0,1:0:0:0:
256,192,68705,1,8,1:0:0:0:
245,88,68855,1,8,0:0:0:0:
256,192,69155,1,0,1:0:0:0:
256,192,69305,1,8,1:0:0:0:
256,192,69605,1,0,1:0:0:0:
256,192,69905,1,8,1:0:0:0:
264,235,70055,1,0,0:0:0:0:
256,192,70355,1,0,1:0:0:0:
256,192,70505,1,8,1:0:0:0:
256,192,70805,1,8,1:0:0:0:
256,192,71105,1,0,1:0:0:0:
245,227,71255,1,8,0:0:0:0:
256,192,71555,1,0,1:0:0:0:
256,192,71705,1,0,1:0:0:0:
256,192,72005,1,12,1:0:0:0:
256,192,72605,1,0,1:0:0:0:
256,192,72905,1,0,1:0:0:0:
256,192,73205,1,8,1:0:0:0:
189,243,73505,1,0,0:0:0:0:
256,192,73805,1,8,1:0:0:0:
189,243,73955,1,8,0:0:0:0:
256,192,74105,1,0,1:0:0:0:
256,192,74405,1,8,1:0:0:0:
256,192,75005,1,8,1:0:0:0:
279,234,75305,1,0,0:0:0:0:
256,192,75455,1,8,1:0:0:0:
245,144,75755,1,8,0:0:0:0:
256,192,75905,1,0,1:0:0:0:
256,192,76205,1,8,1:0:0:0:
256,192,76805,1,12,1:0:0:0:
328,202,77105,1,0,0:0:0:0:
231,214,77255,1,0,0:0:0:0:
256,192,77405,1,8,1:0:0:0:
261,188,77555,1,0,0:0:0:0:
256,192,77855,1,0,1:0:0:0:
256,192,78005,1,8,1:0:0:0:
231,214,78305,1,8,0:0:0:0:
256,192,78455,1,8,1:0:0:0:
256,192,78905,1,8,1:0:0:0:
269,255,79055,1,0,0:0:0:0:
256,192,79205,1,8,1:0:0:0:
256,192,79505,1,0,1:0:0:0:
256,192,79805,1,8,1:0:0:0:
358,214,79955,1,0,0:0:0:0:
358,214,80105,1,0,0:0:0:0:
256,192,80405,1,8,1:0:0:0:
256,192,80555,1,8,1:0:0:0:
256,192,80705,1,0,1:0:0:0:
256,192,80855,1,0,1:0:0:0:
256,192,81005,1,8,1:0:0:0:
256,192,81605,1,12,1:0:0:0:
256,192,81905,1,0,1:0:0:0:
256,192,82205,1,8,1:0:0:0:
256,192,82355,1,0,1:0:0:0:
256,192,82505,1,8,1:0:0:0:
256,192,82805,1,8,1:0:0:0:
256,192,83105,1,0,1:0:0:0:
256,192,83255,1,0,1:0:0:0:
256,192,83405,1,8,1:0:0:0:
256,192,84005,1,8,1:0:0:0:
256,192,84155,1,8,1:0:0:0:
256,192,84305,1,0,1:0:0:0:
256,192,84605,1,8,1:0:0:0:
256,192,84905,1,0,1:0:0:0:
256,192,85205,1,8,1:0:0:0:
256,192,85505,1,0,1:0:0:0:
256,192,85655,1,0,1:0:0:0:
256,192,85805,1,8,1:0:0:0:
256,192,86405,1,12,1:0:0:0:
256,192,86705,1,0,1:0:0:0:
256,192,87005,1,12,1:0:0:0:
256,192,87305,1,0,1:0:0:0:
256,192,87605,1,12,1:0:0:0:
256,192,87905,1,0,1:0:0:0:
256,192,88205,1,12,1:0:0:0:
256,192,88505,1,0,1:0:0:0:
256,192,88805,1,12,1:0:0:0:
256,192,89105,1,0,1:0:0:0:
256,192,89255,1,0,1:0:0:0:
256,192,89405,1,8,1:0:0:0:
256,192,89705,1,0,1:0:0:0:
256,192,90005,1,8,1:0:0:0:
256,192,90155,1,8,1:0:0:0:
256,192,90305,1,0,1:0:0:0:
256,192,90605,1,8,1:0:0:0:
256,192,90755,1,8,1:0:0:0:
256,192,90905,1,0,1:0:0:0:
256,192,91055,1,0,1:0:0:0:
256,192,91205,1,8,1:0:0:0:
256,192,92105,1,4,1:0:0:0:
256,192,92405,1,12,1:0:0:0:
256,192,92705,1,8,1:0:0:0:
256,192,93005,1,8,1:0:0:0:
256,192,93155,1,0,1:0:0:0:
256,192,93455,1,8,1:0:0:0:
256,192,93755,1,0,1:0:0:0:
256,192,93905,1,8,1:0:0:0:
256,192,94055,1,0,1:0:0:0:
256,192,94205,1,8,1:0:0:0:
256,192,94355,1,0,1:0:0:0:
256,192,94805,1,8,1:0:0:0:
256,192,95105,1,8,1:0:0:0:
256,192,95405,1,8,1:0:0:0:
256,192,95555,1,0,1:0:0:0:
256,192,95705,1,8,1:0:0:0:
256,192,96005,1,8,1:0:0:0:
256,192,96155,1,8,1:0:0:0:
256,192,96305,1,0,1:0:0:0:
256,192,96455,1,0,1:0:0:0:
256,192,96605,1,8,1:0:0:0:
256,192,96905,1,0,1:0:0:0:
256,192,97205,1,8,1:0:0:0:
256,192,97505,1,8,1:0:0:0:
256,192,97805,1,8,1:0:0:0:
256,192,97955,1,0,1:0:0:0:
256,192,98255,1,8,1:0:0:0:
256,192,98555,1,0,1:0:0:0:
256,192,98705,1,8,1:0:0:0:
256,192,98855,1,0,1:0:0:0:
256,192,99005,1,8,1:0:0:0:
256,192,99155,1,0,1:0:0:0:
256,192,99605,1,8,1:0:0:0:
256,192,99905,1,8,1:0:0:0:
256,192,100055,1,0,1:0:0:0:
256,192,100205,1,8,1:0:0:0:
256,192,100505,1,8,1:0:0:0:
256,192,100655,1,0,1:0:0:0:
256,192,100955,1,0,1:0:0:0:
256,192,101105,1,8,1:0:0:0:
256,192,101255,1,0,1:0:0:0:
256,192,101405,1,8,1:0:0:0:
256,192,102005,1,12,1:0:0:0:
256,192,102605,1,8,1:0:0:0:
256,192,103055,1,8,1:0:0:0:
256,192,103355,1,0,1:0:0:0:
256,192,103655,1,0,1:0:0:0:
256,192,103955,1,8,1:0:0:0:
256,192,104405,1,0,1:0:0:0:
256,192,105005,1,8,1:0:0:0:
256,192,105455,1,8,1:0:0:0:
256,192,105755,1,0,1:0:0:0:
256,192,106055,1,8,1:0:0:0:
256,192,106355,1,0,1:0:0:0:
256,192,106805,1,4,1:0:0:0:
256,192,107405,1,8,1:0:0:0:
256,192,107855,1,8,1:0:0:0:
256,192,108155,1,0,1:0:0:0:
256,192,108455,1,0,1:0:0:0:
256,192,108755,1,8,1:0:0:0:
256,192,109205,1,8,1:0:0:0:
256,192,109505,1,0,1:0:0:0:
256,192,109805,1,8,1:0:0:0:
256,192,109955,1,8,1:0:0:0:
256,192,110105,1,0,1:0:0:0:
256,192,110405,1,8,1:0:0:0:
256,192,110705,1,0,1:0:0:0:
256,192,110855,1,8,1:0:0:0:
256,192,111305,1,4,1:0:0:0:
256,192,111605,1,12,1:0:0:0:
256,192,111905,1,8,1:0:0:0:
256,192,112205,1,8,1:0:0:0:
256,192,112355,1,8,1:0:0:0:
256,192,112505,1,0,1:0:0:0:
256,192,112655,1,8,1:0:0:0:
256,192,112805,1,0,1:0:0:0:
256,192,113105,1,8,1:0:0:0:
256,192,113255,1,0,1:0:0:0:
256,192,113705,1,0,1:0:0:0:
256,192,113855,1,8,1:0:0:0:
256,192,114155,1,0,1:0:0:0:
256,192,114305,1,8,1:0:0:0:
256,192,114455,1,0,1:0:0:0:
256,192,114605,1,8,1:0:0:0:
256,192,114755,1,0,1:0:0:0:
256,192,115205,1,8,1:0:0:0:
256,192,115505,1,0,1:0:0:0:
256,192,115655,1,0,1:0:0:0:
256,192,115805,1,8,1:0:0:0:
256,192,115955,1,8,1:0:0:0:
256,192,116105,1,0,1:0:0:0:
256,192,116405,1,12,1:0:0:0:
256,192,117005,1,0,1:0:0:0:
256,192,117155,1,8,1:0:0:0:
256,192,117305,1,0,1:0:0:0:
256,192,117605,1,8,1:0:0:0:
256,192,117755,1,8,1:0:0:0:
256,192,117905,1,0,1:0:0:0:
256,192,118055,1,0,1:0:0:0:
256,192,118205,1,8,1:0:0:0:
256,192,118505,1,0,1:0:0:0:
256,192,118805,1,8,1:0:0:0:
256,192,118955,1,8,1:0:0:0:
256,192,119255,1,0,1:0:0:0:
256,192,119405,1,8,1:0:0:0:
256,192,119555,1,0,1:0:0:0:
256,192,119855,1,0,1:0:0:0:
256,192,120005,1,8,1:0:0:0:
256,192,120605,1,8,1:0:0:0:
256,192,120905,1,0,1:0:0:0:
256,192,121205,1,12,1:0:0:0:
256,192,124505,1,4,1:0:0:0:
256,192,124805,1,12,1:0:0:0:
256,192,125105,1,8,1:0:0:0:
256,192,125405,1,0,1:0:0:0:
256,192,125555,1,8,1:0:0:0:
256,192,125855,1,0,1:0:0:0:
256,192,126155,1,8,1:0:0:0:
256,192,126305,1,8,1:0:0:0:
256,192,126455,1,0,1:0:0:0:
256,192,126605,1,8,1:0:0:0:
256,192,126755,1,8,1:0:0:0:
256,192,127205,1,8,1:0:0:0:
256,192,127505,1,0,1:0:0:0:
256,192,127805,1,8,1:0:0:0:
256,192,127955,1,8,1:0:0:0:
256,192,128105,1,0,1:0:0:0:
256,192,128405,1,8,1:0:0:0:
256,192,128555,1,0,1:0:0:0:
256,192,128705,1,8,1:0:0:0:
256,192,128855,1,0,1:0:0:0:
256,192,129005,1,8,1:0:0:0:
256,192,129305,1,0,1:0:0:0:
256,192,129605,1,8,1:0:0:0:
256,192,129905,1,8,1:0:0:0:
256,192,130205,1,0,1:0:0:0:
256,192,130355,1,8,1:0:0:0:
256,192,130655,1,0,1:0:0:0:
256,192,130955,1,0,1:0:0:0:
256,192,131105,1,8,1:0:0:0:
256,192,131255,1,0,1:0:0:0:
256,192,131405,1,8,1:0:0:0:
256,192,131555,1,8,1:0:0:0:
256,192,132005,1,0,1:0:0:0:
256,192,132305,1,8,1:0:0:0:
256,192,132455,1,8,1:0:0:0:
256,192,132605,1,0,1:0:0:0:
256,192,132905,1,8,1:0:0:0:
256,192,133055,1,0,1:0:0:0:
256,192,133355,1,8,1:0:0:0:
256,192,133505,1,0,1:0:0:0:
256,192,133655,1,0,1:0:0:0:
256,192,133805,1,8,1:0:0:0:
256,192,134405,1,12,1:0:0:0:
256,192,134705,1,0,1:0:0:0:
256,192,134855,1,8,1:0:0:0:
256,192,135005,1,8,1:0:0:0:
256,192,135305,1,0,1:0:0:0:
256,192,135605,1,8,1:0:0:0:
256,192,135905,1,8,1:0:0:0:
256,192,136055,1,0,1:0:0:0:
256,192,136205,1,0,1:0:0:0:
256,192,136505,1,0,1:0:0:0:
256,192,136805,1,8,1:0:0:0:
256,192,137105,1,0,1:0:0:0:
256,192,137255,1,8,1:0:0:0:
256,192,137405,1,0,1:0:0:0:
256,192,137705,1,8,1:0:0:0:
256,192,138005,1,0,1:0:0:0:
256,192,138305,1,8,1:0:0:0:
256,192,138455,1,0,1:0:0:0:
256,192,138605,1,8,1:0:0:0:
256,192,139205,1,8,1:0:0:0:
256,192,139505,1,0,1:0:0:0:
256,192,139655,1,0,1:0:0:0:
256,192,139805,1,8,1:0:0:0:
256,192,140105,1,0,1:0:0:0:
256,192,140405,1,8,1:0:0:0:
256,192,140705,1,8,1:0:0:0:
256,192,140855,1,8,1:0:0:0:
256,192,141005,1,0,1:0:0:0:
256,192,141305,1,0,1:0:0:0:
256,192,141605,1,12,1:0:0:0:
256,192,141905,1,0,1:0:0:0:
256,192,142205,1,12,1:0:0:0:
256,192,142505,1,0,1:0:0:0:
256,192,142805,1,8,1:0:0:0:
256,192,142955,1,8,1:0:0:0:
256,192,143105,1,0,1:0:0:0:
256,192,143255,1,0,1:0:0:0:
256,192,143405,1,8,1:0:0:0:
256,192,144005,1,12,1:0:0:0:
256,192,144305,1,8,1:0:0:0:
251,246,144455,1,0,0:0:0:0:
256,192,144755,1,0,1:0:0:0:
256,192,144905,1,8,1:0:0:0:
256,192,145205,1,0,1:0:0:0:
256,192,145505,1,8,1:0:0:0:
316,226,145655,1,8,0:0:0:0:
256,192,145955,1,0,1:0:0:0:
256,192,146105,1,8,1:0:0:0:
256,192,146405,1,0,1:0:0:0:
256,192,146705,1,8,1:0:0:0:
256,192,146855,1,0,1:0:0:0:
256,192,147155,1,0,1:0:0:0:
232,172,147305,1,8,0:0:0:0:
256,192,147455,1,4,1:0:0:0:
