osu file format v14

[General]
AudioFilename: audio.ogg
AudioLeadIn: 0
PreviewTime: 46805
Countdown: 0
SampleSet: Normal
StackLeniency: 0.7
Mode: 1
LetterboxInBreaks: 0
WidescreenStoryboard: 1

[Editor]
DistanceSpacing: 1.2
BeatDivisor: 4
GridSize: 8
TimelineZoom: 1.699999

[Metadata]
Title:Kamiari Algorithm (katagiri Bootleg)
TitleUnicode:神或アルゴリズム (かたぎり Bootleg)
Artist:Masayoshi Oishi feat. Riria.
ArtistUnicode:オーイシマサヨシ feat. りりあ。
Creator:chairIess
Version:Kantan
Source:
Tags:japanese j-core jcore hardcore electronic remix pop j-pop jpop Ken Higeshiro 髭白健 Rei Kudo 工藤嶺 Takayuki "Kojiro" Sasaki 佐々木貴之 コジロー Keisuke Fujimaki 藤巻兄将 Ted Jensen (STERLING SOUND) chairless
BeatmapID:5057301
BeatmapSetID:2350298

[Difficulty]
HPDrainRate:8
CircleSize:5
OverallDifficulty:3
ApproachRate:5
SliderMultiplier:1.35
SliderTickRate:1

[Events]
//Background and Video events
0,0,"bg.jpg",0,90
//Break Periods
//Storyboard Layer 0 (Background)
//Storyboard Layer 1 (Fail)
//Storyboard Layer 2 (Pass)
//Storyboard Layer 3 (Foreground)
//Storyboard Layer 4 (Overlay)
//Storyboard Sound Samples

[TimingPoints]
2405,300,4,1,0,90,1,0
3605,-100,4,1,0,85,0,0
11855,-100,4,1,0,100,0,0
18005,-100,4,1,0,90,0,0
37205,-100,4,1,0,80,0,0
42005,-100,4,1,0,90,0,0
46805,-100,4,1,0,95,0,0
48005,-100,4,1,0,100,0,1
67205,-100,4,1,0,100,0,0
72005,-100,4,1,0,90,0,0
81605,-100,4,1,0,80,0,0
86405,-100,4,1,0,90,0,0
91205,-100,4,1,0,95,0,0
92405,-100,4,1,0,100,0,1
102005,-100,4,1,0,80,0,0
110405,-100,4,1,0,90,0,0
111605,-100,4,1,0,100,0,1
120005,-100,4,1,0,90,0,0
121205,-100,4,1,0,75,0,0
124505,-100,4,1,0,100,0,0
124805,-100,4,1,0,100,0,1
144005,-100,4,1,0,100,0,0


[HitObjects]
256,192,2405,5,4,1:0:0:0:
256,192,3605,1,4,1:0:0:0:
256,192,4205,1,8,1:0:0:0:
256,192,4655,1,0,1:0:0:0:
256,192,5405,1,8,1:0:0:0:
256,192,6005,1,8,1:0:0:0:
256,192,6605,1,0,1:0:0:0:
256,192,7205,1,8,1:0:0:0:
256,192,7805,1,0,1:0:0:0:
256,192,8105,1,0,1:0:0:0:
256,192,8405,1,8,1:0:0:0:
256,192,9005,1,8,1:0:0:0:
256,192,9455,1,0,1:0:0:0:
256,192,10205,1,8,1:0:0:0:
256,192,10805,1,0,1:0:0:0:
256,192,11855,1,12,1:0:0:0:
256,192,12605,1,12,1:0:0:0:
256,192,12905,1,4,1:0:0:0:
256,192,13205,1,12,1:0:0:0:
256,192,14105,1,8,1:0:0:0:
256,192,14405,1,0,1:0:0:0:
256,192,14855,1,0,1:0:0:0:
256,192,15305,1,8,1:0:0:0:
256,192,15605,1,0,1:0:0:0:
256,192,16505,1,8,1:0:0:0:
256,192,16805,1,8,1:0:0:0:
256,192,17255,1,0,1:0:0:0:
256,192,17705,1,0,1:0:0:0:
256,192,18005,1,12,1:0:0:0:
256,192,18455,1,8,1:0:0:0:
256,192,19055,1,0,1:0:0:0:
256,192,19955,1,8,1:0:0:0:
256,192,20255,1,0,1:0:0:0:
256,192,20855,1,8,1:0:0:0:
256,192,21455,1,0,1:0:0:0:
256,192,22205,1,8,1:0:0:0:
256,192,22805,1,12,1:0:0:0:
256,192,23405,1,0,1:0:0:0:
256,192,24005,1,0,1:0:0:0:
256,192,24305,1,8,1:0:0:0:
256,192,24905,1,0,1:0:0:0:
256,192,25205,1,8,1:0:0:0:
256,192,25505,1,0,1:0:0:0:
256,192,26105,1,8,1:0:0:0:
256,192,26405,1,0,1:0:0:0:
256,192,26705,1,8,1:0:0:0:
256,192,27605,1,12,1:0:0:0:
256,192,28055,1,0,1:0:0:0:
256,192,28655,1,8,1:0:0:0:
256,192,28955,1,8,1:0:0:0:
256,192,29555,1,8,1:0:0:0:
256,192,29855,1,0,1:0:0:0:
256,192,30455,1,0,1:0:0:0:
256,192,31055,1,0,1:0:0:0:
256,192,31505,1,8,1:0:0:0:
256,192,31805,1,8,1:0:0:0:
256,192,32405,1,12,1:0:0:0:
256,192,33005,1,0,1:0:0:0:
256,192,33605,1,8,1:0:0:0:
256,192,34055,1,0,1:0:0:0:
256,192,34505,1,0,1:0:0:0:
256,192,34805,1,8,1:0:0:0:
256,192,35405,1,0,1:0:0:0:
256,192,35705,1,0,1:0:0:0:
256,192,36005,1,8,1:0:0:0:
256,192,37205,1,12,1:0:0:0:
256,192,37805,1,0,1:0:0:0:
256,192,38405,1,8,1:0:0:0:
256,192,38705,1,0,1:0:0:0:
256,192,39005,1,8,1:0:0:0:
256,192,39605,1,0,1:0:0:0:
256,192,40205,1,8,1:0:0:0:
256,192,40505,1,8,1:0:0:0:
256,192,40805,1,0,1:0:0:0:
256,192,41105,1,0,1:0:0:0:
256,192,41405,1,8,1:0:0:0:
256,192,42005,1,12,1:0:0:0:
256,192,42605,1,0,1:0:0:0:
256,192,42905,1,0,1:0:0:0:
256,192,43205,1,8,1:0:0:0:
256,192,43805,1,0,1:0:0:0:
256,192,44405,1,8,1:0:0:0:
256,192,44705,1,0,1:0:0:0:
256,192,45005,1,8,1:0:0:0:
256,192,45605,1,8,1:0:0:0:
256,192,45905,1,0,1:0:0:0:
256,192,46205,1,8,1:0:0:0:
256,192,46505,1,8,1:0:0:0:
256,192,46805,1,0,1:0:0:0:
256,192,47705,1,4,1:0:0:0:
256,192,48005,1,12,1:0:0:0:
256,192,48605,1,8,1:0:0:0:
256,192,49055,1,0,1:0:0:0:
256,192,49505,1,8,1:0:0:0:
256,192,49805,1,8,1:0:0:0:
256,192,50405,1,0,1:0:0:0:
256,192,50705,1,0,1:0:0:0:
256,192,51005,1,8,1:0:0:0:
256,192,51605,1,8,1:0:0:0:
256,192,51905,1,8,1:0:0:0:
256,192,52205,1,0,1:0:0:0:
256,192,52505,1,0,1:0:0:0:
256,192,52805,1,8,1:0:0:0:
256,192,53405,1,8,1:0:0:0:
256,192,53855,1,0,1:0:0:0:
256,192,54305,1,0,1:0:0:0:
256,192,54605,1,8,1:0:0:0:
256,192,55205,1,8,1:0:0:0:
256,192,55505,1,8,1:0:0:0:
256,192,55805,1,0,1:0:0:0:
256,192,56255,1,8,1:0:0:0:
256,192,56705,1,0,1:0:0:0:
256,192,57605,1,12,1:0:0:0:
256,192,58205,1,0,1:0:0:0:
256,192,58805,1,0,1:0:0:0:
256,192,59105,1,8,1:0:0:0:
256,192,59405,1,0,1:0:0:0:
256,192,60005,1,8,1:0:0:0:
256,192,60605,1,0,1:0:0:0:
256,192,61205,1,8,1:0:0:0:
256,192,61505,1,0,1:0:0:0:
256,192,61805,1,8,1:0:0:0:
256,192,62405,1,8,1:0:0:0:
256,192,63005,1,0,1:0:0:0:
256,192,63605,1,8,1:0:0:0:
256,192,63905,1,8,1:0:0:0:
256,192,64205,1,0,1:0:0:0:
256,192,64805,1,12,1:0:0:0:
256,192,65405,1,12,1:0:0:0:
256,192,66005,1,8,1:0:0:0:
256,192,66305,1,0,1:0:0:0:
256,192,66605,1,0,1:0:0:0:
256,192,67205,1,12,1:0:0:0:
256,192,68105,1,8,1:0:0:0:
256,192,68405,1,0,1:0:0:0:
256,192,68855,1,0,1:0:0:0:
256,192,69305,1,0,1:0:0:0:
256,192,69605,1,8,1:0:0:0:
256,192,70505,1,0,1:0:0:0:
256,192,70805,1,8,1:0:0:0:
256,192,71255,1,8,1:0:0:0:
256,192,71705,1,0,1:0:0:0:
256,192,72005,1,12,1:0:0:0:
256,192,72905,1,8,1:0:0:0:
256,192,73205,1,0,1:0:0:0:
256,192,74105,1,0,1:0:0:0:
256,192,74405,1,8,1:0:0:0:
256,192,75005,1,8,1:0:0:0:
256,192,75455,1,0,1:0:0:0:
256,192,76205,1,8,1:0:0:0:
256,192,76505,1,0,1:0:0:0:
256,192,76805,1,12,1:0:0:0:
256,192,77405,1,0,1:0:0:0:
256,192,78005,1,0,1:0:0:0:
256,192,78455,1,8,1:0:0:0:
256,192,78905,1,0,1:0:0:0:
256,192,79205,1,8,1:0:0:0:
256,192,79805,1,0,1:0:0:0:
256,192,80105,1,0,1:0:0:0:
256,192,80405,1,8,1:0:0:0:
256,192,81605,1,12,1:0:0:0:
256,192,82205,1,0,1:0:0:0:
256,192,82805,1,0,1:0:0:0:
256,192,83105,1,0,1:0:0:0:
256,192,83405,1,8,1:0:0:0:
256,192,84005,1,0,1:0:0:0:
256,192,84605,1,8,1:0:0:0:
256,192,84905,1,0,1:0:0:0:
256,192,85205,1,8,1:0:0:0:
256,192,85505,1,8,1:0:0:0:
256,192,85805,1,0,1:0:0:0:
256,192,86405,1,12,1:0:0:0:
256,192,87005,1,12,1:0:0:0:
256,192,87305,1,0,1:0:0:0:
256,192,87605,1,12,1:0:0:0:
256,192,88205,1,12,1:0:0:0:
256,192,88805,1,12,1:0:0:0:
256,192,89105,1,0,1:0:0:0:
256,192,89405,1,12,1:0:0:0:
256,192,90005,1,8,1:0:0:0:
256,192,90305,1,0,1:0:0:0:
256,192,90605,1,8,1:0:0:0:
256,192,90905,1,8,1:0:0:0:
256,192,91205,1,0,1:0:0:0:
256,192,92105,1,4,1:0:0:0:
256,192,92405,1,12,1:0:0:0:
256,192,93005,1,8,1:0:0:0:
256,192,93455,1,0,1:0:0:0:
256,192,93905,1,8,1:0:0:0:
256,192,94205,1,8,1:0:0:0:
256,192,94805,1,8,1:0:0:0:
256,192,95105,1,8,1:0:0:0:
256,192,95405,1,8,1:0:0:0:
256,192,96005,1,8,1:0:0:0:
256,192,96305,1,8,1:0:0:0:
256,192,96605,1,0,1:0:0:0:
256,192,96905,1,0,1:0:0:0:
256,192,97205,1,8,1:0:0:0:
256,192,97805,1,8,1:0:0:0:
256,192,98255,1,0,1:0:0:0:
256,192,98705,1,8,1:0:0:0:
256,192,99005,1,8,1:0:0:0:
256,192,99605,1,8,1:0:0:0:
256,192,99905,1,8,1:0:0:0:
256,192,100205,1,8,1:0:0:0:
256,192,100655,1,0,1:0:0:0:
256,192,101105,1,8,1:0:0:0:
256,192,102005,1,12,1:0:0:0:
256,192,102605,1,0,1:0:0:0:
256,192,103055,1,0,1:0:0:0:
256,192,103655,1,8,1:0:0:0:
256,192,103955,1,8,1:0:0:0:
256,192,105005,1,8,1:0:0:0:
256,192,105455,1,0,1:0:0:0:
256,192,106055,1,0,1:0:0:0:
256,192,106355,1,8,1:0:0:0:
256,192,106805,1,4,1:0:0:0:
256,192,107405,1,8,1:0:0:0:
256,192,107855,1,0,1:0:0:0:
256,192,108455,1,8,1:0:0:0:
256,192,108755,1,0,1:0:0:0:
256,192,109205,1,8,1:0:0:0:
256,192,109805,1,0,1:0:0:0:
256,192,110405,1,8,1:0:0:0:
256,192,110855,1,8,1:0:0:0:
256,192,111305,1,4,1:0:0:0:
256,192,111605,1,12,1:0:0:0:
256,192,112205,1,0,1:0:0:0:
256,192,112505,1,0,1:0:0:0:
256,192,112805,1,8,1:0:0:0:
256,192,113855,1,0,1:0:0:0:
256,192,114305,1,8,1:0:0:0:
256,192,114605,1,0,1:0:0:0:
256,192,115205,1,0,1:0:0:0:
256,192,115505,1,0,1:0:0:0:
256,192,115805,1,8,1:0:0:0:
256,192,116405,1,12,1:0:0:0:
256,192,116855,1,0,1:0:0:0:
256,192,117305,1,0,1:0:0:0:
256,192,117605,1,8,1:0:0:0:
256,192,118055,1,8,1:0:0:0:
256,192,118505,1,0,1:0:0:0:
256,192,118955,1,8,1:0:0:0:
256,192,119405,1,0,1:0:0:0:
256,192,120005,1,8,1:0:0:0:
256,192,121205,1,12,1:0:0:0:
256,192,124505,1,4,1:0:0:0:
256,192,124805,1,12,1:0:0:0:
256,192,125405,1,8,1:0:0:0:
256,192,125855,1,0,1:0:0:0:
256,192,126305,1,0,1:0:0:0:
256,192,126605,1,8,1:0:0:0:
256,192,127205,1,8,1:0:0:0:
256,192,127505,1,0,1:0:0:0:
256,192,127805,1,8,1:0:0:0:
256,192,128405,1,0,1:0:0:0:
256,192,128705,1,0,1:0:0:0:
256,192,129005,1,8,1:0:0:0:
256,192,129305,1,0,1:0:0:0:
256,192,129605,1,8,1:0:0:0:
256,192,130205,1,8,1:0:0:0:
256,192,130655,1,0,1:0:0:0:
256,192,131105,1,0,1:0:0:0:
256,192,131405,1,8,1:0:0:0:
256,192,132005,1,8,1:0:0:0:
256,192,132305,1,8,1:0:0:0:
256,192,132605,1,0,1:0:0:0:
256,192,133055,1,8,1:0:0:0:
256,192,133505,1,0,1:0:0:0:
256,192,134405,1,12,1:0:0:0:
256,192,135005,1,0,1:0:0:0:
256,192,135605,1,0,1:0:0:0:
256,192,135905,1,0,1:0:0:0:
256,192,136205,1,8,1:0:0:0:
256,192,136805,1,8,1:0:0:0:
256,192,137405,1,0,1:0:0:0:
256,192,138005,1,8,1:0:0:0:
256,192,138305,1,8,1:0:0:0:
256,192,138605,1,0,1:0:0:0:
256,192,139205,1,8,1:0:0:0:
256,192,139805,1,0,1:0:0:0:
256,192,140405,1,0,1:0:0:0:
256,192,140705,1,8,1:0:0:0:
256,192,141005,1,0,1:0:0:0:
256,192,141605,1,12,1:0:0:0:
256,192,142205,1,12,1:0:0:0:
256,192,142805,1,8,1:0:0:0:
256,192,143105,1,0,1:0:0:0:
256,192,143405,1,0,1:0:0:0:
256,192,144005,1,12,1:0:0:0:
256,192,144905,1,8,1:0:0:0:
256,192,145205,1,0,1:0:0:0:
256,192,145655,1,0,1:0:0:0:
256,192,146105,1,8,1:0:0:0:
256,192,146405,1,0,1:0:0:0:
256,192,147005,1,8,1:0:0:0:
256,192,147455,1,4,1:0:0:0:
