osu file format v14

[General]
AudioFilename: audio.ogg
AudioLeadIn: 0
PreviewTime: 46805
Countdown: 0
SampleSet: Normal
StackLeniency: 0.7
Mode: 1
LetterboxInBreaks: 0
WidescreenStoryboard: 1

[Editor]
DistanceSpacing: 1.2
BeatDivisor: 4
GridSize: 8
TimelineZoom: 3.599998

[Metadata]
Title:Kamiari Algorithm (katagiri Bootleg)
TitleUnicode:神或アルゴリズム (かたぎり Bootleg)
Artist:Masayoshi Oishi feat. Riria.
ArtistUnicode:オーイシマサヨシ feat. りりあ。
Creator:chairIess
Version:Muzukashii
Source:
Tags:japanese j-core jcore hardcore electronic remix pop j-pop jpop Ken Higeshiro 髭白健 Rei Kudo 工藤嶺 Takayuki "Kojiro" Sasaki 佐々木貴之 コジロー Keisuke Fujimaki 藤巻兄将 Ted Jensen (STERLING SOUND) chairless
BeatmapID:5057302
BeatmapSetID:2350298

[Difficulty]
HPDrainRate:6
CircleSize:5
OverallDifficulty:5
ApproachRate:5
SliderMultiplier:1.35
SliderTickRate:1

[Events]
//Background and Video events
0,0,"bg.jpg",0,90
//Break Periods
//Storyboard Layer 0 (Background)
//Storyboard Layer 1 (Fail)
//Storyboard Layer 2 (Pass)
//Storyboard Layer 3 (Foreground)
//Storyboard Layer 4 (Overlay)
//Storyboard Sound Samples

[TimingPoints]
2405,300,4,1,0,90,1,0
3604,-100.00000315,4,1,0,85,0,0
3680,-111.111115,4,1,0,85,0,0
11853,-83.3333333333333,4,1,0,100,0,0
12005,-90.9090909090909,4,1,0,100,0,0
12155,-83.3333333333333,4,1,0,100,0,0
13205,-90.9090909090909,4,1,0,100,0,0
18005,-90.9090909090909,4,1,0,90,0,0
18080,-99.9999999999999,4,1,0,90,0,0
37204,-100,4,1,0,80,0,0
37355,-111.111111111111,4,1,0,80,0,0
42004,-100,4,1,0,90,0,0
44704,-98.26242,4,1,0,90,0,0
44854,-97.40782,4,1,0,90,0,0
45004,-96.56066,4,1,0,90,0,0
45154,-95.72088,4,1,0,90,0,0
45304,-94.888374,4,1,0,90,0,0
45604,-93.24505,4,1,0,90,0,0
45680,-92.5925925925926,4,1,0,90,0,0
45754,-92.43409,4,1,0,90,0,0
45904,-91.63019,4,1,0,90,0,0
46054,-90.833275,4,1,0,90,0,0
46204,-90.04328,4,1,0,90,0,0
46279,-89.65087,4,1,0,90,0,0
46354,-89.26018,4,1,0,90,0,0
46504,-88.48387,4,1,0,90,0,0
46654,-87.71432,4,1,0,90,0,0
46803,-86.95652,4,1,0,95,0,0
47105,-100.0000052,4,1,0,95,0,0
47705,-83.3333333333333,4,1,0,95,0,0
48005,-90.9090909090909,4,1,0,100,0,1
64803,-90.90909,4,1,0,100,0,1
65104,-89.78182,4,1,0,100,0,1
65404,-88.672195,4,1,0,100,0,1
65704,-87.57628,4,1,0,100,0,1
66004,-86.49391,4,1,0,100,0,1
66154,-85.957756,4,1,0,100,0,1
66304,-85.424934,4,1,0,100,0,1
66454,-84.89539,4,1,0,100,0,1
66604,-84.36916,4,1,0,100,0,1
66679,-84.107254,4,1,0,100,0,1
66754,-83.84616,4,1,0,100,0,1
66902,-83.33333,4,1,0,100,0,1
67205,-90.9090909090909,4,1,0,100,0,0
72004,-90.90909,4,1,0,90,0,0
72155,-100,4,1,0,90,0,0
76805,-100.00000315,4,1,0,90,0,0
81604,-100,4,1,0,80,0,0
81905,-111.111111111111,4,1,0,80,0,0
86404,-100,4,1,0,90,0,0
89104,-98.25743,4,1,0,90,0,0
89254,-97.40322,4,1,0,90,0,0
89404,-96.55645,4,1,0,90,0,0
89704,-94.88493,4,1,0,90,0,0
89855,-94.3396226415094,4,1,0,90,0,0
90004,-93.24234,4,1,0,90,0,0
90080,-92.5925925925926,4,1,0,90,0,0
90154,-92.43173,4,1,0,90,0,0
90304,-91.62818,4,1,0,90,0,0
90454,-90.83162,4,1,0,90,0,0
90604,-90.04198,4,1,0,90,0,0
90679,-89.649734,4,1,0,90,0,0
90754,-89.2592,4,1,0,90,0,0
90904,-88.48322,4,1,0,90,0,0
91054,-87.714,4,1,0,90,0,0
91203,-86.95652,4,1,0,95,0,0
91280,-99.9999952000002,4,1,0,95,0,0
92105,-83.3333300000001,4,1,0,95,0,0
92405,-90.9090909090909,4,1,0,100,0,1
102005,-90.9090909090909,4,1,0,80,0,0
102154,-100,4,1,0,80,0,0
110405,-100,4,1,0,90,0,0
111304,-83.3333333333333,4,1,0,90,0,0
111605,-90.9090909090909,4,1,0,100,0,1
120005,-90.90909,4,1,0,90,0,0
120304,-95.2380952380952,4,1,0,90,0,0
120450,-96.1294913175157,4,1,0,90,0,0
120604,-97.4634269010091,4,1,0,90,0,0
120750,-99.0699923174695,4,1,0,90,0,0
120904,-100.911347149562,4,1,0,90,0,0
121054,-103.063107300122,4,1,0,90,0,0
121203,-105.263157894737,4,1,0,75,0,0
124355,-99.7506264237293,4,1,0,75,0,0
124505,-83.3333333333333,4,1,0,100,0,0
124805,-90.9090909090909,4,1,0,100,0,1
141602,-90.90909,4,1,0,100,0,1
141904,-89.778625,4,1,0,100,0,1
142204,-88.66956,4,1,0,100,0,1
142504,-87.5742,4,1,0,100,0,1
142804,-86.49238,4,1,0,100,0,1
142954,-85.95649,4,1,0,100,0,1
143104,-85.42391,4,1,0,100,0,1
143254,-84.89465,4,1,0,100,0,1
143404,-84.36865,4,1,0,100,0,1
143479,-84.10689,4,1,0,100,0,1
143554,-83.845924,4,1,0,100,0,1
143702,-83.33333,4,1,0,100,0,1
144005,-90.9090909090909,4,1,0,100,0,0


[HitObjects]
256,192,2405,5,4,1:0:0:0:
256,192,2705,1,0,1:0:0:0:
256,192,2855,1,0,1:0:0:0:
256,192,3005,1,8,1:0:0:0:
256,192,3305,1,8,1:0:0:0:
256,192,3605,1,4,1:0:0:0:
256,192,3905,1,0,1:0:0:0:
256,192,4205,1,0,1:0:0:0:
256,192,4355,1,8,1:0:0:0:
256,192,4655,1,0,1:0:0:0:
256,192,4955,1,8,1:0:0:0:
256,192,5105,1,8,1:0:0:0:
256,192,5255,1,0,1:0:0:0:
256,192,5405,1,8,1:0:0:0:
256,192,5555,1,0,1:0:0:0:
256,192,6005,1,0,1:0:0:0:
256,192,6605,1,0,1:0:0:0:
256,192,7205,1,8,1:0:0:0:
256,192,7505,1,0,1:0:0:0:
256,192,7805,1,8,1:0:0:0:
256,192,8105,1,8,1:0:0:0:
256,192,8255,1,8,1:0:0:0:
256,192,8405,1,0,1:0:0:0:
256,192,8705,1,8,1:0:0:0:
256,192,9005,1,8,1:0:0:0:
256,192,9155,1,8,1:0:0:0:
256,192,9455,1,0,1:0:0:0:
256,192,9755,1,8,1:0:0:0:
256,192,9905,1,8,1:0:0:0:
256,192,10055,1,0,1:0:0:0:
256,192,10205,1,8,1:0:0:0:
256,192,10355,1,0,1:0:0:0:
256,192,10655,1,0,1:0:0:0:
256,192,10805,1,8,1:0:0:0:
256,192,11105,1,0,1:0:0:0:
256,192,11255,1,0,1:0:0:0:
256,192,11405,1,8,1:0:0:0:
256,192,11555,1,0,1:0:0:0:
256,192,11855,1,12,1:0:0:0:
256,192,12155,1,12,1:0:0:0:
256,192,12305,1,12,1:0:0:0:
256,192,12455,1,12,1:0:0:0:
256,192,12605,1,12,1:0:0:0:
256,192,12905,1,4,1:0:0:0:
256,192,13205,1,12,1:0:0:0:
256,192,13505,1,8,1:0:0:0:
256,192,13655,1,0,1:0:0:0:
256,192,13730,1,0,1:0:0:0:
256,192,13880,1,0,1:0:0:0:
256,192,13955,1,0,1:0:0:0:
256,192,14105,1,8,1:0:0:0:
256,192,14405,1,0,1:0:0:0:
256,192,14555,1,8,1:0:0:0:
256,192,14705,1,0,1:0:0:0:
256,192,14855,1,8,1:0:0:0:
256,192,14930,1,8,1:0:0:0:
256,192,15080,1,0,1:0:0:0:
256,192,15155,1,0,1:0:0:0:
256,192,15305,1,8,1:0:0:0:
256,192,15605,1,8,1:0:0:0:
256,192,15755,1,0,1:0:0:0:
256,192,15905,1,8,1:0:0:0:
256,192,16055,1,0,1:0:0:0:
256,192,16130,1,0,1:0:0:0:
256,192,16280,1,0,1:0:0:0:
256,192,16355,1,0,1:0:0:0:
256,192,16505,1,8,1:0:0:0:
256,192,16805,1,8,1:0:0:0:
256,192,16955,1,8,1:0:0:0:
256,192,17105,1,0,1:0:0:0:
256,192,17255,1,8,1:0:0:0:
256,192,17330,1,8,1:0:0:0:
256,192,17480,1,8,1:0:0:0:
256,192,17555,1,8,1:0:0:0:
256,192,17705,1,0,1:0:0:0:
256,192,18005,1,12,1:0:0:0:
256,192,18305,1,8,1:0:0:0:
256,192,18455,1,0,1:0:0:0:
256,192,18755,1,8,1:0:0:0:
256,192,18905,1,8,1:0:0:0:
256,192,19055,1,0,1:0:0:0:
256,192,19355,1,0,1:0:0:0:
256,192,19655,1,8,1:0:0:0:
256,192,19955,1,0,1:0:0:0:
256,192,20105,1,8,1:0:0:0:
256,192,20255,1,0,1:0:0:0:
256,192,20705,1,0,1:0:0:0:
256,192,20855,1,8,1:0:0:0:
256,192,21155,1,0,1:0:0:0:
256,192,21305,1,8,1:0:0:0:
256,192,21455,1,8,1:0:0:0:
256,192,21755,1,8,1:0:0:0:
256,192,21905,1,0,1:0:0:0:
256,192,22205,1,0,1:0:0:0:
256,192,22355,1,0,1:0:0:0:
256,192,22505,1,8,1:0:0:0:
256,192,22805,1,12,1:0:0:0:
256,192,23105,1,8,1:0:0:0:
256,192,23255,1,0,1:0:0:0:
256,192,23405,1,0,1:0:0:0:
256,192,23555,1,8,1:0:0:0:
256,192,23855,1,0,1:0:0:0:
256,192,24005,1,8,1:0:0:0:
256,192,24155,1,8,1:0:0:0:
256,192,24305,1,0,1:0:0:0:
256,192,24455,1,8,1:0:0:0:
256,192,24905,1,0,1:0:0:0:
256,192,25055,1,0,1:0:0:0:
256,192,25205,1,8,1:0:0:0:
256,192,25355,1,8,1:0:0:0:
256,192,25505,1,0,1:0:0:0:
256,192,25805,1,0,1:0:0:0:
256,192,26105,1,8,1:0:0:0:
256,192,26255,1,0,1:0:0:0:
256,192,26405,1,8,1:0:0:0:
256,192,26555,1,8,1:0:0:0:
256,192,26705,1,0,1:0:0:0:
256,192,27005,1,0,1:0:0:0:
256,192,27155,1,0,1:0:0:0:
256,192,27305,1,8,1:0:0:0:
256,192,27605,1,12,1:0:0:0:
256,192,27905,1,0,1:0:0:0:
256,192,28055,1,0,1:0:0:0:
256,192,28355,1,8,1:0:0:0:
256,192,28505,1,0,1:0:0:0:
256,192,28655,1,8,1:0:0:0:
256,192,28955,1,0,1:0:0:0:
256,192,29105,1,8,1:0:0:0:
256,192,29255,1,8,1:0:0:0:
256,192,29555,1,0,1:0:0:0:
256,192,29705,1,0,1:0:0:0:
256,192,29855,1,8,1:0:0:0:
256,192,30305,1,8,1:0:0:0:
256,192,30455,1,0,1:0:0:0:
256,192,30755,1,8,1:0:0:0:
256,192,30905,1,0,1:0:0:0:
256,192,31055,1,8,1:0:0:0:
256,192,31355,1,0,1:0:0:0:
256,192,31505,1,8,1:0:0:0:
256,192,31805,1,0,1:0:0:0:
256,192,31955,1,8,1:0:0:0:
256,192,32105,1,0,1:0:0:0:
256,192,32405,1,12,1:0:0:0:
256,192,32705,1,0,1:0:0:0:
256,192,32855,1,0,1:0:0:0:
256,192,33005,1,8,1:0:0:0:
256,192,33155,1,0,1:0:0:0:
256,192,33455,1,0,1:0:0:0:
256,192,33605,1,8,1:0:0:0:
256,192,33755,1,0,1:0:0:0:
256,192,33905,1,0,1:0:0:0:
256,192,34055,1,8,1:0:0:0:
256,192,34505,1,0,1:0:0:0:
256,192,34655,1,0,1:0:0:0:
256,192,34805,1,8,1:0:0:0:
256,192,35105,1,0,1:0:0:0:
256,192,35405,1,8,1:0:0:0:
256,192,35555,1,8,1:0:0:0:
256,192,35705,1,0,1:0:0:0:
256,192,35855,1,0,1:0:0:0:
256,192,36005,1,8,1:0:0:0:
256,192,36230,1,8,1:0:0:0:
256,192,36455,1,8,1:0:0:0:
256,192,36605,1,0,1:0:0:0:
256,192,36680,1,0,1:0:0:0:
256,192,36755,1,0,1:0:0:0:
256,192,36905,1,8,1:0:0:0:
256,192,37205,1,12,1:0:0:0:
256,192,37505,1,0,1:0:0:0:
256,192,37805,1,8,1:0:0:0:
256,192,37955,1,8,1:0:0:0:
256,192,38105,1,8,1:0:0:0:
256,192,38255,1,8,1:0:0:0:
256,192,38405,1,0,1:0:0:0:
256,192,38480,1,0,1:0:0:0:
256,192,38555,1,0,1:0:0:0:
256,192,38705,1,8,1:0:0:0:
256,192,38855,1,0,1:0:0:0:
256,192,39005,1,8,1:0:0:0:
256,192,39305,1,8,1:0:0:0:
256,192,39455,1,8,1:0:0:0:
256,192,39605,1,0,1:0:0:0:
256,192,39680,1,0,1:0:0:0:
256,192,39755,1,0,1:0:0:0:
256,192,39905,1,8,1:0:0:0:
256,192,40055,1,0,1:0:0:0:
256,192,40205,1,8,1:0:0:0:
256,192,40355,1,8,1:0:0:0:
256,192,40505,1,0,1:0:0:0:
256,192,40805,1,8,1:0:0:0:
256,192,40880,1,8,1:0:0:0:
256,192,40955,1,8,1:0:0:0:
256,192,41105,1,8,1:0:0:0:
256,192,41255,1,0,1:0:0:0:
256,192,41405,1,8,1:0:0:0:
256,192,41555,1,8,1:0:0:0:
256,192,41705,1,0,1:0:0:0:
256,192,42005,1,12,1:0:0:0:
256,192,42305,1,8,1:0:0:0:
256,192,42455,1,0,1:0:0:0:
256,192,42605,1,8,1:0:0:0:
256,192,42905,1,8,1:0:0:0:
256,192,43055,1,0,1:0:0:0:
256,192,43205,1,8,1:0:0:0:
256,192,43280,1,8,1:0:0:0:
256,192,43355,1,8,1:0:0:0:
256,192,43505,1,0,1:0:0:0:
256,192,43655,1,0,1:0:0:0:
256,192,43805,1,8,1:0:0:0:
256,192,44105,1,0,1:0:0:0:
256,192,44405,1,8,1:0:0:0:
256,192,44705,1,8,1:0:0:0:
256,192,44855,1,8,1:0:0:0:
256,192,45005,1,0,1:0:0:0:
256,192,45155,1,0,1:0:0:0:
256,192,45305,1,8,1:0:0:0:
256,192,45605,1,8,1:0:0:0:
256,192,45680,1,8,1:0:0:0:
256,192,45755,1,8,1:0:0:0:
256,192,45905,1,0,1:0:0:0:
256,192,46055,1,0,1:0:0:0:
256,192,46205,1,8,1:0:0:0:
256,192,46280,1,8,1:0:0:0:
256,192,46355,1,8,1:0:0:0:
256,192,46505,1,0,1:0:0:0:
256,192,46655,1,0,1:0:0:0:
256,192,46805,1,8,1:0:0:0:
256,192,47105,1,8,1:0:0:0:
256,192,47255,1,8,1:0:0:0:
256,192,47405,1,0,1:0:0:0:
256,192,47555,1,8,1:0:0:0:
256,192,47705,1,4,1:0:0:0:
256,192,48005,1,12,1:0:0:0:
256,192,48305,1,8,1:0:0:0:
256,192,48605,1,0,1:0:0:0:
256,192,48755,1,8,1:0:0:0:
256,192,48830,1,8,1:0:0:0:
256,192,48905,1,8,1:0:0:0:
256,192,49055,1,0,1:0:0:0:
256,192,49355,1,0,1:0:0:0:
256,192,49505,1,8,1:0:0:0:
256,192,49655,1,0,1:0:0:0:
256,192,49730,1,0,1:0:0:0:
256,192,49805,1,0,1:0:0:0:
256,192,49955,1,8,1:0:0:0:
256,192,50105,1,0,1:0:0:0:
256,192,50405,1,8,1:0:0:0:
256,192,50555,1,0,1:0:0:0:
256,192,50705,1,8,1:0:0:0:
256,192,50855,1,0,1:0:0:0:
256,192,50930,1,0,1:0:0:0:
256,192,51005,1,0,1:0:0:0:
256,192,51155,1,0,1:0:0:0:
256,192,51305,1,8,1:0:0:0:
256,192,51605,1,8,1:0:0:0:
256,192,51755,1,8,1:0:0:0:
256,192,51830,1,8,1:0:0:0:
256,192,51905,1,8,1:0:0:0:
256,192,52055,1,0,1:0:0:0:
256,192,52205,1,8,1:0:0:0:
256,192,52355,1,8,1:0:0:0:
256,192,52505,1,0,1:0:0:0:
256,192,52805,1,8,1:0:0:0:
256,192,53105,1,8,1:0:0:0:
256,192,53405,1,0,1:0:0:0:
256,192,53480,1,0,1:0:0:0:
256,192,53555,1,0,1:0:0:0:
256,192,53705,1,8,1:0:0:0:
256,192,53855,1,0,1:0:0:0:
256,192,54155,1,0,1:0:0:0:
256,192,54305,1,8,1:0:0:0:
256,192,54455,1,0,1:0:0:0:
256,192,54530,1,0,1:0:0:0:
256,192,54605,1,0,1:0:0:0:
256,192,54755,1,8,1:0:0:0:
256,192,54905,1,0,1:0:0:0:
256,192,55205,1,8,1:0:0:0:
256,192,55355,1,8,1:0:0:0:
256,192,55430,1,8,1:0:0:0:
256,192,55505,1,8,1:0:0:0:
256,192,55655,1,0,1:0:0:0:
256,192,55805,1,8,1:0:0:0:
256,192,55955,1,8,1:0:0:0:
256,192,56105,1,0,1:0:0:0:
256,192,56255,1,8,1:0:0:0:
256,192,56555,1,0,1:0:0:0:
256,192,56705,1,0,1:0:0:0:
256,192,56855,1,8,1:0:0:0:
256,192,57005,1,0,1:0:0:0:
256,192,57080,1,0,1:0:0:0:
256,192,57155,1,0,1:0:0:0:
256,192,57305,1,8,1:0:0:0:
256,192,57455,1,0,1:0:0:0:
256,192,57605,1,12,1:0:0:0:
256,192,57905,1,0,1:0:0:0:
256,192,58205,1,8,1:0:0:0:
256,192,58505,1,0,1:0:0:0:
256,192,58655,1,0,1:0:0:0:
256,192,58805,1,8,1:0:0:0:
256,192,58955,1,8,1:0:0:0:
256,192,59030,1,8,1:0:0:0:
256,192,59105,1,8,1:0:0:0:
256,192,59255,1,0,1:0:0:0:
256,192,59405,1,8,1:0:0:0:
256,192,59705,1,0,1:0:0:0:
256,192,59855,1,0,1:0:0:0:
256,192,60005,1,8,1:0:0:0:
256,192,60305,1,8,1:0:0:0:
256,192,60455,1,8,1:0:0:0:
256,192,60605,1,0,1:0:0:0:
256,192,60905,1,8,1:0:0:0:
256,192,61055,1,0,1:0:0:0:
256,192,61205,1,8,1:0:0:0:
256,192,61355,1,0,1:0:0:0:
256,192,61430,1,0,1:0:0:0:
256,192,61505,1,0,1:0:0:0:
256,192,61655,1,0,1:0:0:0:
256,192,61805,1,8,1:0:0:0:
256,192,62105,1,0,1:0:0:0:
256,192,62255,1,0,1:0:0:0:
256,192,62405,1,8,1:0:0:0:
256,192,62705,1,0,1:0:0:0:
256,192,63005,1,8,1:0:0:0:
256,192,63305,1,0,1:0:0:0:
256,192,63455,1,0,1:0:0:0:
256,192,63605,1,8,1:0:0:0:
256,192,63755,1,8,1:0:0:0:
256,192,63830,1,8,1:0:0:0:
256,192,63905,1,8,1:0:0:0:
256,192,64055,1,0,1:0:0:0:
256,192,64205,1,8,1:0:0:0:
256,192,64505,1,8,1:0:0:0:
256,192,64655,1,0,1:0:0:0:
256,192,64805,1,12,1:0:0:0:
256,192,65105,1,0,1:0:0:0:
256,192,65405,1,12,1:0:0:0:
256,192,65705,1,0,1:0:0:0:
256,192,66005,1,8,1:0:0:0:
256,192,66155,1,8,1:0:0:0:
256,192,66305,1,0,1:0:0:0:
256,192,66455,1,8,1:0:0:0:
256,192,66605,1,0,1:0:0:0:
256,192,66680,1,0,1:0:0:0:
256,192,66755,1,0,1:0:0:0:
256,192,66905,1,8,1:0:0:0:
256,192,67205,1,12,1:0:0:0:
256,192,67505,1,8,1:0:0:0:
256,192,67655,1,0,1:0:0:0:
256,192,67730,1,0,1:0:0:0:
256,192,67880,1,0,1:0:0:0:
256,192,67955,1,0,1:0:0:0:
256,192,68105,1,8,1:0:0:0:
256,192,68255,1,8,1:0:0:0:
256,192,68405,1,0,1:0:0:0:
256,192,68705,1,0,1:0:0:0:
256,192,68855,1,8,1:0:0:0:
256,192,68930,1,8,1:0:0:0:
256,192,69080,1,8,1:0:0:0:
256,192,69230,1,8,1:0:0:0:
256,192,69305,1,8,1:0:0:0:
256,192,69605,1,8,1:0:0:0:
256,192,69905,1,8,1:0:0:0:
256,192,70055,1,0,1:0:0:0:
256,192,70130,1,0,1:0:0:0:
256,192,70280,1,0,1:0:0:0:
256,192,70355,1,0,1:0:0:0:
256,192,70505,1,8,1:0:0:0:
256,192,70655,1,0,1:0:0:0:
256,192,70805,1,8,1:0:0:0:
256,192,71105,1,0,1:0:0:0:
256,192,71255,1,8,1:0:0:0:
256,192,71330,1,8,1:0:0:0:
256,192,71480,1,0,1:0:0:0:
256,192,71555,1,0,1:0:0:0:
256,192,71705,1,8,1:0:0:0:
256,192,72005,1,12,1:0:0:0:
256,192,72305,1,0,1:0:0:0:
256,192,72605,1,0,1:0:0:0:
256,192,72680,1,0,1:0:0:0:
256,192,72830,1,8,1:0:0:0:
256,192,72905,1,8,1:0:0:0:
256,192,73205,1,8,1:0:0:0:
256,192,73505,1,0,1:0:0:0:
256,192,73805,1,8,1:0:0:0:
256,192,73880,1,8,1:0:0:0:
256,192,74030,1,0,1:0:0:0:
256,192,74105,1,0,1:0:0:0:
256,192,74405,1,8,1:0:0:0:
256,192,74705,1,8,1:0:0:0:
256,192,75005,1,8,1:0:0:0:
256,192,75155,1,0,1:0:0:0:
256,192,75305,1,8,1:0:0:0:
256,192,75455,1,8,1:0:0:0:
256,192,75755,1,0,1:0:0:0:
256,192,75905,1,8,1:0:0:0:
256,192,76205,1,0,1:0:0:0:
256,192,76355,1,0,1:0:0:0:
256,192,76505,1,8,1:0:0:0:
256,192,76805,1,12,1:0:0:0:
256,192,77105,1,0,1:0:0:0:
256,192,77255,1,0,1:0:0:0:
256,192,77405,1,8,1:0:0:0:
256,192,77555,1,8,1:0:0:0:
256,192,77855,1,8,1:0:0:0:
256,192,78005,1,8,1:0:0:0:
256,192,78155,1,0,1:0:0:0:
256,192,78305,1,0,1:0:0:0:
256,192,78455,1,8,1:0:0:0:
256,192,78905,1,8,1:0:0:0:
256,192,79055,1,0,1:0:0:0:
256,192,79205,1,8,1:0:0:0:
256,192,79505,1,0,1:0:0:0:
256,192,79805,1,8,1:0:0:0:
256,192,79955,1,8,1:0:0:0:
256,192,80105,1,0,1:0:0:0:
256,192,80405,1,8,1:0:0:0:
256,192,80555,1,8,1:0:0:0:
256,192,80705,1,0,1:0:0:0:
256,192,80780,1,0,1:0:0:0:
256,192,80855,1,0,1:0:0:0:
256,192,81005,1,8,1:0:0:0:
256,192,81155,1,8,1:0:0:0:
256,192,81305,1,0,1:0:0:0:
256,192,81605,1,12,1:0:0:0:
256,192,81905,1,0,1:0:0:0:
256,192,82205,1,8,1:0:0:0:
256,192,82355,1,0,1:0:0:0:
256,192,82505,1,0,1:0:0:0:
256,192,82655,1,8,1:0:0:0:
256,192,82805,1,0,1:0:0:0:
256,192,82880,1,0,1:0:0:0:
256,192,82955,1,0,1:0:0:0:
256,192,83105,1,8,1:0:0:0:
256,192,83255,1,0,1:0:0:0:
256,192,83405,1,8,1:0:0:0:
256,192,83705,1,8,1:0:0:0:
256,192,83855,1,8,1:0:0:0:
256,192,84005,1,0,1:0:0:0:
256,192,84080,1,0,1:0:0:0:
256,192,84155,1,0,1:0:0:0:
256,192,84305,1,8,1:0:0:0:
256,192,84455,1,0,1:0:0:0:
256,192,84605,1,8,1:0:0:0:
256,192,84905,1,8,1:0:0:0:
256,192,85055,1,0,1:0:0:0:
256,192,85205,1,8,1:0:0:0:
256,192,85280,1,8,1:0:0:0:
256,192,85355,1,8,1:0:0:0:
256,192,85505,1,0,1:0:0:0:
256,192,85655,1,0,1:0:0:0:
256,192,85805,1,8,1:0:0:0:
256,192,85955,1,0,1:0:0:0:
256,192,86030,1,0,1:0:0:0:
256,192,86105,1,0,1:0:0:0:
256,192,86405,1,12,1:0:0:0:
256,192,86705,1,0,1:0:0:0:
256,192,87005,1,12,1:0:0:0:
256,192,87305,1,0,1:0:0:0:
256,192,87455,1,0,1:0:0:0:
256,192,87605,1,12,1:0:0:0:
256,192,87905,1,0,1:0:0:0:
256,192,88205,1,12,1:0:0:0:
256,192,88505,1,8,1:0:0:0:
256,192,88655,1,0,1:0:0:0:
256,192,88805,1,12,1:0:0:0:
256,192,89105,1,0,1:0:0:0:
256,192,89255,1,0,1:0:0:0:
256,192,89405,1,12,1:0:0:0:
256,192,89705,1,0,1:0:0:0:
256,192,89855,1,0,1:0:0:0:
256,192,90005,1,8,1:0:0:0:
256,192,90080,1,8,1:0:0:0:
256,192,90155,1,8,1:0:0:0:
256,192,90305,1,0,1:0:0:0:
256,192,90455,1,0,1:0:0:0:
256,192,90605,1,8,1:0:0:0:
256,192,90680,1,8,1:0:0:0:
256,192,90755,1,8,1:0:0:0:
256,192,90905,1,0,1:0:0:0:
256,192,91055,1,8,1:0:0:0:
256,192,91205,1,0,1:0:0:0:
256,192,91505,1,8,1:0:0:0:
256,192,91805,1,8,1:0:0:0:
256,192,92105,1,4,1:0:0:0:
256,192,92405,1,12,1:0:0:0:
256,192,92705,1,8,1:0:0:0:
256,192,92855,1,0,1:0:0:0:
256,192,92930,1,0,1:0:0:0:
256,192,93005,1,0,1:0:0:0:
256,192,93155,1,0,1:0:0:0:
256,192,93305,1,8,1:0:0:0:
256,192,93455,1,0,1:0:0:0:
256,192,93755,1,0,1:0:0:0:
256,192,93905,1,8,1:0:0:0:
256,192,93980,1,8,1:0:0:0:
256,192,94055,1,8,1:0:0:0:
256,192,94205,1,8,1:0:0:0:
256,192,94355,1,0,1:0:0:0:
256,192,94505,1,8,1:0:0:0:
256,192,94805,1,8,1:0:0:0:
256,192,94955,1,0,1:0:0:0:
256,192,95105,1,8,1:0:0:0:
256,192,95255,1,8,1:0:0:0:
256,192,95330,1,8,1:0:0:0:
256,192,95405,1,8,1:0:0:0:
256,192,95555,1,0,1:0:0:0:
256,192,95705,1,8,1:0:0:0:
256,192,96005,1,8,1:0:0:0:
256,192,96155,1,0,1:0:0:0:
256,192,96230,1,0,1:0:0:0:
256,192,96305,1,0,1:0:0:0:
256,192,96455,1,0,1:0:0:0:
256,192,96605,1,8,1:0:0:0:
256,192,96755,1,0,1:0:0:0:
256,192,96905,1,8,1:0:0:0:
256,192,97205,1,8,1:0:0:0:
256,192,97505,1,8,1:0:0:0:
256,192,97805,1,0,1:0:0:0:
256,192,97880,1,0,1:0:0:0:
256,192,97955,1,0,1:0:0:0:
256,192,98105,1,8,1:0:0:0:
256,192,98255,1,0,1:0:0:0:
256,192,98555,1,0,1:0:0:0:
256,192,98705,1,8,1:0:0:0:
256,192,98855,1,0,1:0:0:0:
256,192,99005,1,8,1:0:0:0:
256,192,99080,1,8,1:0:0:0:
256,192,99155,1,8,1:0:0:0:
256,192,99305,1,8,1:0:0:0:
256,192,99605,1,8,1:0:0:0:
256,192,99755,1,0,1:0:0:0:
256,192,99905,1,8,1:0:0:0:
256,192,99980,1,8,1:0:0:0:
256,192,100055,1,8,1:0:0:0:
256,192,100205,1,8,1:0:0:0:
256,192,100355,1,0,1:0:0:0:
256,192,100505,1,8,1:0:0:0:
256,192,100655,1,0,1:0:0:0:
256,192,100955,1,0,1:0:0:0:
256,192,101105,1,8,1:0:0:0:
256,192,101255,1,0,1:0:0:0:
256,192,101405,1,8,1:0:0:0:
256,192,101480,1,8,1:0:0:0:
256,192,101555,1,8,1:0:0:0:
256,192,101705,1,8,1:0:0:0:
256,192,102005,1,12,1:0:0:0:
256,192,102305,1,0,1:0:0:0:
256,192,102455,1,8,1:0:0:0:
256,192,102605,1,8,1:0:0:0:
256,192,102755,1,0,1:0:0:0:
256,192,102905,1,8,1:0:0:0:
256,192,103055,1,0,1:0:0:0:
256,192,103355,1,8,1:0:0:0:
256,192,103655,1,0,1:0:0:0:
256,192,103955,1,0,1:0:0:0:
235,174,104105,1,8,0:0:0:0:
256,192,104405,1,0,1:0:0:0:
256,192,104705,1,8,1:0:0:0:
256,192,104855,1,0,1:0:0:0:
256,192,105005,1,8,1:0:0:0:
256,192,105155,1,0,1:0:0:0:
256,192,105305,1,0,1:0:0:0:
256,192,105455,1,8,1:0:0:0:
256,192,105755,1,0,1:0:0:0:
256,192,106055,1,0,1:0:0:0:
256,192,106355,1,0,1:0:0:0:
286,227,106505,1,8,0:0:0:0:
256,192,106805,1,4,1:0:0:0:
256,192,107105,1,8,1:0:0:0:
256,192,107255,1,0,1:0:0:0:
256,192,107405,1,8,1:0:0:0:
256,192,107555,1,8,1:0:0:0:
256,192,107705,1,0,1:0:0:0:
256,192,107855,1,8,1:0:0:0:
256,192,108155,1,0,1:0:0:0:
256,192,108455,1,8,1:0:0:0:
256,192,108755,1,0,1:0:0:0:
258,128,108905,1,8,0:0:0:0:
256,192,109205,1,8,1:0:0:0:
256,192,109505,1,0,1:0:0:0:
256,192,109805,1,8,1:0:0:0:
256,192,109955,1,8,1:0:0:0:
256,192,110105,1,0,1:0:0:0:
256,192,110405,1,8,1:0:0:0:
256,192,110555,1,0,1:0:0:0:
256,192,110630,1,0,1:0:0:0:
256,192,110705,1,0,1:0:0:0:
256,192,110855,1,8,1:0:0:0:
256,192,111005,1,0,1:0:0:0:
256,192,111155,1,8,1:0:0:0:
256,192,111305,1,4,1:0:0:0:
256,192,111605,1,12,1:0:0:0:
256,192,111905,1,8,1:0:0:0:
256,192,112205,1,8,1:0:0:0:
256,192,112355,1,0,1:0:0:0:
256,192,112430,1,0,1:0:0:0:
256,192,112505,1,0,1:0:0:0:
256,192,112655,1,8,1:0:0:0:
256,192,112805,1,0,1:0:0:0:
256,192,112955,1,8,1:0:0:0:
256,192,113030,1,8,1:0:0:0:
256,192,113105,1,8,1:0:0:0:
256,192,113255,1,0,1:0:0:0:
256,192,113555,1,0,1:0:0:0:
256,192,113630,1,0,1:0:0:0:
256,192,113705,1,0,1:0:0:0:
256,192,113855,1,8,1:0:0:0:
256,192,114155,1,8,1:0:0:0:
256,192,114305,1,8,1:0:0:0:
256,192,114455,1,0,1:0:0:0:
256,192,114605,1,8,1:0:0:0:
256,192,114680,1,8,1:0:0:0:
256,192,114755,1,8,1:0:0:0:
256,192,115055,1,8,1:0:0:0:
256,192,115205,1,0,1:0:0:0:
256,192,115355,1,8,1:0:0:0:
256,192,115430,1,8,1:0:0:0:
256,192,115505,1,8,1:0:0:0:
256,192,115655,1,8,1:0:0:0:
256,192,115805,1,0,1:0:0:0:
256,192,115880,1,0,1:0:0:0:
256,192,115955,1,0,1:0:0:0:
256,192,116105,1,8,1:0:0:0:
256,192,116405,1,12,1:0:0:0:
256,192,116705,1,0,1:0:0:0:
256,192,117005,1,0,1:0:0:0:
256,192,117080,1,0,1:0:0:0:
256,192,117155,1,0,1:0:0:0:
256,192,117305,1,8,1:0:0:0:
256,192,117605,1,8,1:0:0:0:
256,192,117680,1,8,1:0:0:0:
256,192,117755,1,8,1:0:0:0:
256,192,117905,1,8,1:0:0:0:
256,192,118055,1,0,1:0:0:0:
256,192,118130,1,0,1:0:0:0:
256,192,118205,1,0,1:0:0:0:
256,192,118355,1,8,1:0:0:0:
256,192,118505,1,0,1:0:0:0:
256,192,118805,1,0,1:0:0:0:
256,192,118955,1,8,1:0:0:0:
256,192,119030,1,8,1:0:0:0:
256,192,119105,1,8,1:0:0:0:
256,192,119255,1,0,1:0:0:0:
256,192,119405,1,8,1:0:0:0:
256,192,119480,1,8,1:0:0:0:
256,192,119555,1,8,1:0:0:0:
256,192,119705,1,8,1:0:0:0:
256,192,119855,1,0,1:0:0:0:
256,192,120005,1,8,1:0:0:0:
256,192,120305,1,0,1:0:0:0:
256,192,120455,1,0,1:0:0:0:
256,192,120605,1,8,1:0:0:0:
256,192,120755,1,8,1:0:0:0:
256,192,120905,1,0,1:0:0:0:
256,192,121205,1,12,1:0:0:0:
256,192,124355,1,8,1:0:0:0:
256,192,124505,1,4,1:0:0:0:
256,192,124805,1,12,1:0:0:0:
256,192,125105,1,8,1:0:0:0:
256,192,125255,1,0,1:0:0:0:
256,192,125405,1,8,1:0:0:0:
256,192,125480,1,8,1:0:0:0:
256,192,125555,1,8,1:0:0:0:
256,192,125705,1,0,1:0:0:0:
256,192,125855,1,8,1:0:0:0:
256,192,126155,1,8,1:0:0:0:
256,192,126305,1,8,1:0:0:0:
256,192,126455,1,0,1:0:0:0:
256,192,126530,1,0,1:0:0:0:
256,192,126605,1,0,1:0:0:0:
256,192,126755,1,8,1:0:0:0:
256,192,126905,1,0,1:0:0:0:
256,192,127205,1,8,1:0:0:0:
256,192,127355,1,0,1:0:0:0:
256,192,127505,1,8,1:0:0:0:
256,192,127655,1,0,1:0:0:0:
256,192,127730,1,0,1:0:0:0:
256,192,127805,1,0,1:0:0:0:
256,192,127955,1,8,1:0:0:0:
256,192,128105,1,0,1:0:0:0:
256,192,128405,1,8,1:0:0:0:
256,192,128480,1,8,1:0:0:0:
256,192,128555,1,8,1:0:0:0:
256,192,128705,1,0,1:0:0:0:
256,192,128855,1,8,1:0:0:0:
256,192,129005,1,0,1:0:0:0:
256,192,129080,1,0,1:0:0:0:
256,192,129155,1,0,1:0:0:0:
256,192,129305,1,8,1:0:0:0:
256,192,129605,1,8,1:0:0:0:
256,192,129905,1,8,1:0:0:0:
256,192,130205,1,0,1:0:0:0:
256,192,130280,1,0,1:0:0:0:
256,192,130355,1,0,1:0:0:0:
256,192,130505,1,8,1:0:0:0:
256,192,130655,1,0,1:0:0:0:
256,192,130955,1,8,1:0:0:0:
256,192,131105,1,0,1:0:0:0:
256,192,131255,1,8,1:0:0:0:
256,192,131330,1,8,1:0:0:0:
256,192,131405,1,8,1:0:0:0:
256,192,131555,1,0,1:0:0:0:
256,192,131705,1,8,1:0:0:0:
256,192,132005,1,8,1:0:0:0:
256,192,132155,1,8,1:0:0:0:
256,192,132230,1,8,1:0:0:0:
256,192,132305,1,8,1:0:0:0:
256,192,132455,1,8,1:0:0:0:
256,192,132605,1,0,1:0:0:0:
256,192,132680,1,0,1:0:0:0:
256,192,132755,1,0,1:0:0:0:
256,192,132905,1,8,1:0:0:0:
256,192,133055,1,0,1:0:0:0:
256,192,133355,1,0,1:0:0:0:
256,192,133430,1,0,1:0:0:0:
256,192,133505,1,0,1:0:0:0:
256,192,133655,1,8,1:0:0:0:
256,192,133805,1,0,1:0:0:0:
256,192,133955,1,0,1:0:0:0:
256,192,134105,1,8,1:0:0:0:
256,192,134255,1,0,1:0:0:0:
256,192,134405,1,12,1:0:0:0:
256,192,134705,1,0,1:0:0:0:
256,192,135005,1,8,1:0:0:0:
256,192,135305,1,0,1:0:0:0:
256,192,135455,1,0,1:0:0:0:
256,192,135605,1,8,1:0:0:0:
256,192,135755,1,0,1:0:0:0:
256,192,135830,1,0,1:0:0:0:
256,192,135905,1,0,1:0:0:0:
256,192,136055,1,8,1:0:0:0:
256,192,136205,1,0,1:0:0:0:
256,192,136505,1,0,1:0:0:0:
256,192,136655,1,8,1:0:0:0:
256,192,136805,1,0,1:0:0:0:
256,192,137105,1,8,1:0:0:0:
256,192,137255,1,0,1:0:0:0:
256,192,137405,1,8,1:0:0:0:
256,192,137705,1,0,1:0:0:0:
256,192,137855,1,0,1:0:0:0:
256,192,138005,1,8,1:0:0:0:
256,192,138155,1,8,1:0:0:0:
256,192,138230,1,8,1:0:0:0:
256,192,138305,1,8,1:0:0:0:
256,192,138455,1,0,1:0:0:0:
256,192,138605,1,8,1:0:0:0:
256,192,138905,1,0,1:0:0:0:
256,192,139055,1,0,1:0:0:0:
256,192,139205,1,8,1:0:0:0:
256,192,139505,1,0,1:0:0:0:
256,192,139805,1,8,1:0:0:0:
256,192,140105,1,8,1:0:0:0:
256,192,140255,1,0,1:0:0:0:
256,192,140405,1,8,1:0:0:0:
256,192,140555,1,0,1:0:0:0:
256,192,140630,1,0,1:0:0:0:
256,192,140705,1,0,1:0:0:0:
256,192,140855,1,8,1:0:0:0:
256,192,141005,1,0,1:0:0:0:
256,192,141305,1,0,1:0:0:0:
256,192,141455,1,0,1:0:0:0:
256,192,141605,1,12,1:0:0:0:
256,192,141905,1,0,1:0:0:0:
256,192,142205,1,12,1:0:0:0:
256,192,142505,1,0,1:0:0:0:
256,192,142805,1,8,1:0:0:0:
256,192,142955,1,8,1:0:0:0:
256,192,143105,1,0,1:0:0:0:
256,192,143255,1,8,1:0:0:0:
256,192,143405,1,0,1:0:0:0:
256,192,143480,1,0,1:0:0:0:
256,192,143555,1,0,1:0:0:0:
256,192,143705,1,8,1:0:0:0:
256,192,144005,1,12,1:0:0:0:
256,192,144305,1,8,1:0:0:0:
256,192,144455,1,0,1:0:0:0:
256,192,144530,1,0,1:0:0:0:
256,192,144680,1,0,1:0:0:0:
256,192,144755,1,0,1:0:0:0:
256,192,144905,1,8,1:0:0:0:
256,192,145205,1,0,1:0:0:0:
256,192,145355,1,8,1:0:0:0:
256,192,145505,1,0,1:0:0:0:
256,192,145655,1,8,1:0:0:0:
256,192,145730,1,8,1:0:0:0:
256,192,145880,1,0,1:0:0:0:
256,192,145955,1,0,1:0:0:0:
256,192,146105,1,8,1:0:0:0:
256,192,146405,1,8,1:0:0:0:
256,192,146555,1,0,1:0:0:0:
256,192,146705,1,8,1:0:0:0:
256,192,146855,1,0,1:0:0:0:
256,192,146930,1,0,1:0:0:0:
256,192,147080,1,0,1:0:0:0:
256,192,147155,1,0,1:0:0:0:
256,192,147305,1,8,1:0:0:0:
256,192,147455,1,4,1:0:0:0:
