osu file format v14

[General]
AudioFilename: audio.ogg
AudioLeadIn: 0
PreviewTime: 46805
Countdown: 0
SampleSet: Normal
StackLeniency: 0.7
Mode: 1
LetterboxInBreaks: 0
WidescreenStoryboard: 1

[Editor]
DistanceSpacing: 1.2
BeatDivisor: 4
GridSize: 8
TimelineZoom: 3.699998

[Metadata]
Title:Kamiari Algorithm (katagiri Bootleg)
TitleUnicode:神或アルゴリズム (かたぎり Bootleg)
Artist:Masayoshi Oishi feat. Riria.
ArtistUnicode:オーイシマサヨシ feat. りりあ。
Creator:chairIess
Version:Oni
Source:
Tags:japanese j-core jcore hardcore electronic remix pop j-pop jpop Ken Higeshiro 髭白健 Rei Kudo 工藤嶺 Takayuki "Kojiro" Sasaki 佐々木貴之 コジロー Keisuke Fujimaki 藤巻兄将 Ted Jensen (STERLING SOUND) chairless
BeatmapID:5057303
BeatmapSetID:2350298

[Difficulty]
HPDrainRate:5.5
CircleSize:5
OverallDifficulty:6
ApproachRate:5
SliderMultiplier:1.4
SliderTickRate:1

[Events]
//Background and Video events
0,0,"bg.jpg",0,90
//Break Periods
//Storyboard Layer 0 (Background)
//Storyboard Layer 1 (Fail)
//Storyboard Layer 2 (Pass)
//Storyboard Layer 3 (Foreground)
//Storyboard Layer 4 (Overlay)
//Storyboard Sound Samples

[TimingPoints]
2405,300,4,1,0,90,1,0
3604,-100.00000315,4,1,0,85,0,0
3680,-111.111115,4,1,0,85,0,0
10954,-108.67507,4,1,0,85,0,0
11104,-106.30804,4,1,0,85,0,0
11254,-103.99256,4,1,0,85,0,0
11404,-101.72751,4,1,0,85,0,0
11554,-99.5118,4,1,0,85,0,0
11629,-98.42212,4,1,0,85,0,0
11704,-97.34435,4,1,0,85,0,0
11853,-76.9230769230769,4,1,0,100,0,0
12005,-90.9090909090909,4,1,0,100,0,0
12155,-76.9230769230769,4,1,0,100,0,0
13205,-90.9090909090909,4,1,0,100,0,0
18005,-90.9090909090909,4,1,0,90,0,0
18080,-99.9999999999999,4,1,0,90,0,0
37204,-100,4,1,0,80,0,0
37355,-111.111111111111,4,1,0,80,0,0
42004,-100,4,1,0,90,0,0
44554,-99.728691037003,4,1,0,90,0,0
44629,-99.5412608591914,4,1,0,90,0,0
44704,-99.3345988316286,4,1,0,90,0,0
44854,-98.8779783626928,4,1,0,90,0,0
45004,-98.3773783872122,4,1,0,90,0,0
45154,-97.8430746249412,4,1,0,90,0,0
45229,-97.5654889820198,4,1,0,90,0,0
45304,-97.2818557868304,4,1,0,90,0,0
45454,-96.6986476766051,4,1,0,90,0,0
45604,-96.0972393526304,4,1,0,90,0,0
45679,-95.7906805628353,4,1,0,90,0,0
45754,-95.4806631628042,4,1,0,90,0,0
45829,-95.1674840363111,4,1,0,90,0,0
45904,-94.8514155669413,4,1,0,90,0,0
46054,-94.2115955058871,4,1,0,90,0,0
46204,-93.5629962302107,4,1,0,90,0,0
46279,-93.2358972801445,4,1,0,90,0,0
46354,-92.9071690724404,4,1,0,90,0,0
46504,-92.2454693999417,4,1,0,90,0,0
46654,-91.579090758722,4,1,0,90,0,0
46725,-91.2444820925121,4,1,0,90,0,0
46804,-90.9090909090909,4,1,0,95,0,0
47105,-100.0000052,4,1,0,95,0,0
47705,-76.9230769230769,4,1,0,95,0,0
48005,-90.9090909090909,4,1,0,100,0,1
65104,-90.2552795246912,4,1,0,100,0,1
65254,-89.807021888406,4,1,0,100,0,1
65404,-89.3159727435719,4,1,0,100,0,1
65704,-88.242744922836,4,1,0,100,0,1
65854,-87.03702,4,1,0,100,0,1
66004,-87.0843842080042,4,1,0,100,0,1
66080,-86.7849826885895,4,1,0,100,0,1
66154,-86.4823547618275,4,1,0,100,0,1
66304,-85.8685735263212,4,1,0,100,0,1
66454,-85.2451215710628,4,1,0,100,0,1
66604,-84.6137745811897,4,1,0,100,0,1
66679,-84.2956278070515,4,1,0,100,0,1
66754,-83.9760661262296,4,1,0,100,0,1
66829,-83.6552508837586,4,1,0,100,0,1
66903,-83.3333333333333,4,1,0,100,0,1
67205,-90.9090909090909,4,1,0,100,0,0
72003,-90.90909,4,1,0,90,0,0
72229,-91.97213,4,1,0,90,0,0
72454,-93.04282,4,1,0,90,0,0
72604,-93.763535,4,1,0,90,0,0
72679,-94.12597,4,1,0,90,0,0
72829,-94.855064,4,1,0,90,0,0
72904,-95.22173,4,1,0,90,0,0
73204,-96.70262,4,1,0,90,0,0
73429,-97.82838,4,1,0,90,0,0
73654,-98.96723,4,1,0,90,0,0
73804,-99.73383,4,1,0,90,0,0
73879,-100.119354,4,1,0,90,0,0
74029,-100.894875,4,1,0,90,0,0
74104,-101.28488,4,1,0,90,0,0
74404,-102.86006,4,1,0,90,0,0
74704,-104.45973,4,1,0,90,0,0
74854,-105.268875,4,1,0,90,0,0
75004,-106.08428,4,1,0,90,0,0
75154,-106.90601,4,1,0,90,0,0
75229,-107.31925,4,1,0,90,0,0
75304,-107.73411,4,1,0,90,0,0
75454,-108.5686,4,1,0,90,0,0
75604,-109.40958,4,1,0,90,0,0
75679,-109.832504,4,1,0,90,0,0
75754,-110.257065,4,1,0,90,0,0
75904,-111.111115,4,1,0,90,0,0
76805,-100.00000315,4,1,0,90,0,0
81604,-100,4,1,0,80,0,0
81905,-111.111111111111,4,1,0,80,0,0
86404,-100,4,1,0,90,0,0
88954,-99.728691037003,4,1,0,90,0,0
89029,-99.5412608591914,4,1,0,90,0,0
89104,-99.3345988316286,4,1,0,90,0,0
89254,-98.8779783626928,4,1,0,90,0,0
89404,-98.3773783872122,4,1,0,90,0,0
89554,-97.8430746249412,4,1,0,90,0,0
89629,-97.5654889820198,4,1,0,90,0,0
89704,-97.2818557868304,4,1,0,90,0,0
89854,-96.6986476766051,4,1,0,90,0,0
90004,-96.0972393526304,4,1,0,90,0,0
90079,-95.7906805628353,4,1,0,90,0,0
90154,-95.4806631628042,4,1,0,90,0,0
90229,-95.1674840363111,4,1,0,90,0,0
90304,-94.8514155669413,4,1,0,90,0,0
90454,-94.2115955058871,4,1,0,90,0,0
90604,-93.5629962302107,4,1,0,90,0,0
90679,-93.2358972801445,4,1,0,90,0,0
90754,-92.9071690724404,4,1,0,90,0,0
90904,-92.2454693999417,4,1,0,90,0,0
91054,-91.579090758722,4,1,0,90,0,0
91125,-91.2444820925121,4,1,0,90,0,0
91203,-90.9090909090909,4,1,0,95,0,0
91280,-99.9999952000002,4,1,0,95,0,0
92105,-76.9230740828403,4,1,0,95,0,0
92405,-90.9090909090909,4,1,0,100,0,1
102005,-90.9090909090909,4,1,0,80,0,0
102154,-100,4,1,0,80,0,0
109504,-99.3345988316286,4,1,0,80,0,0
109804,-98.3773783872122,4,1,0,80,0,0
109954,-97.8430746249412,4,1,0,80,0,0
110104,-97.2818557868304,4,1,0,80,0,0
110254,-96.6986476766051,4,1,0,80,0,0
110404,-96.0972393526304,4,1,0,90,0,0
110554,-95.4806631628042,4,1,0,90,0,0
110629,-95.1674840363111,4,1,0,90,0,0
110704,-94.8514155669413,4,1,0,90,0,0
110854,-94.2115955058871,4,1,0,90,0,0
111004,-93.5629962302107,4,1,0,90,0,0
111079,-93.2358972801445,4,1,0,90,0,0
111154,-92.9071690724404,4,1,0,90,0,0
111304,-76.978496651671,4,1,0,90,0,0
111605,-90.9090909090909,4,1,0,100,0,1
120005,-90.90909,4,1,0,90,0,0
120304,-95.2380952380952,4,1,0,90,0,0
120454,-96.1294913175157,4,1,0,90,0,0
120604,-97.4634269010091,4,1,0,90,0,0
120754,-99.0699923174695,4,1,0,90,0,0
120829,-99.9624148630197,4,1,0,90,0,0
120904,-100.911347149562,4,1,0,90,0,0
121054,-102.975763413472,4,1,0,90,0,0
121203,-105.263157894737,4,1,0,75,0,0
124355,-100.250626420401,4,1,0,75,0,0
124505,-76.9230769230769,4,1,0,100,0,0
124805,-90.9090909090909,4,1,0,100,0,1
141904,-90.2552795246912,4,1,0,100,0,1
142054,-89.807021888406,4,1,0,100,0,1
142204,-89.3159727435719,4,1,0,100,0,1
142504,-88.242744922836,4,1,0,100,0,1
142804,-87.0843842080042,4,1,0,100,0,1
142880,-86.7849826885895,4,1,0,100,0,1
142954,-86.4823547618275,4,1,0,100,0,1
143104,-85.8685735263212,4,1,0,100,0,1
143254,-85.2451215710628,4,1,0,100,0,1
143404,-84.6137745811897,4,1,0,100,0,1
143479,-84.2956278070515,4,1,0,100,0,1
143554,-83.9760661262296,4,1,0,100,0,1
143629,-83.6552508837586,4,1,0,100,0,1
143703,-83.3333333333333,4,1,0,100,0,1
144005,-90.9090909090909,4,1,0,100,0,0


[HitObjects]
256,192,2405,5,4,1:0:0:0:
256,192,2705,1,0,1:0:0:0:
256,192,2855,1,0,1:0:0:0:
256,192,3005,1,8,1:0:0:0:
256,192,3155,1,8,1:0:0:0:
256,192,3230,1,8,1:0:0:0:
256,192,3305,1,0,1:0:0:0:
256,192,3455,1,8,1:0:0:0:
256,192,3605,1,4,1:0:0:0:
256,192,3905,1,0,1:0:0:0:
256,192,4130,1,8,1:0:0:0:
256,192,4205,1,0,1:0:0:0:
256,192,4355,1,8,1:0:0:0:
256,192,4655,1,0,1:0:0:0:
256,192,4955,1,8,1:0:0:0:
256,192,5105,1,8,1:0:0:0:
256,192,5255,1,0,1:0:0:0:
256,192,5330,1,0,1:0:0:0:
256,192,5405,1,8,1:0:0:0:
256,192,5555,1,0,1:0:0:0:
256,192,6005,1,0,1:0:0:0:
256,192,6305,1,8,1:0:0:0:
256,192,6605,1,0,1:0:0:0:
256,192,6905,1,8,1:0:0:0:
256,192,7055,1,0,1:0:0:0:
256,192,7130,1,0,1:0:0:0:
256,192,7205,1,8,1:0:0:0:
256,192,7505,1,0,1:0:0:0:
256,192,7805,1,8,1:0:0:0:
256,192,7955,1,0,1:0:0:0:
256,192,8105,1,8,1:0:0:0:
256,192,8255,1,0,1:0:0:0:
256,192,8330,1,0,1:0:0:0:
256,192,8405,1,8,1:0:0:0:
256,192,8705,1,8,1:0:0:0:
256,192,8930,1,0,1:0:0:0:
256,192,9005,1,8,1:0:0:0:
256,192,9155,1,8,1:0:0:0:
256,192,9455,1,0,1:0:0:0:
256,192,9755,1,8,1:0:0:0:
256,192,9905,1,8,1:0:0:0:
256,192,10055,1,0,1:0:0:0:
256,192,10130,1,0,1:0:0:0:
256,192,10205,1,8,1:0:0:0:
256,192,10355,1,0,1:0:0:0:
256,192,10655,1,0,1:0:0:0:
256,192,10805,1,8,1:0:0:0:
256,192,10955,1,8,1:0:0:0:
256,192,11105,1,0,1:0:0:0:
256,192,11255,1,8,1:0:0:0:
256,192,11405,1,0,1:0:0:0:
256,192,11555,1,8,1:0:0:0:
256,192,11630,1,0,1:0:0:0:
256,192,11705,1,0,1:0:0:0:
256,192,11855,1,12,1:0:0:0:
256,192,12155,1,12,1:0:0:0:
256,192,12305,1,12,1:0:0:0:
256,192,12455,1,12,1:0:0:0:
256,192,12605,1,12,1:0:0:0:
256,192,12755,1,12,1:0:0:0:
256,192,12905,1,4,1:0:0:0:
256,192,13205,1,12,1:0:0:0:
256,192,13505,1,8,1:0:0:0:
256,192,13655,1,8,1:0:0:0:
256,192,13730,1,0,1:0:0:0:
256,192,13880,1,0,1:0:0:0:
256,192,13955,1,8,1:0:0:0:
256,192,14105,1,0,1:0:0:0:
256,192,14255,1,8,1:0:0:0:
256,192,14405,1,0,1:0:0:0:
256,192,14555,1,8,1:0:0:0:
256,192,14705,1,0,1:0:0:0:
256,192,14855,1,0,1:0:0:0:
256,192,14930,1,8,1:0:0:0:
256,192,15080,1,8,1:0:0:0:
256,192,15155,1,0,1:0:0:0:
256,192,15305,1,8,1:0:0:0:
256,192,15605,1,0,1:0:0:0:
256,192,15755,1,8,1:0:0:0:
256,192,15905,1,0,1:0:0:0:
256,192,16055,1,8,1:0:0:0:
256,192,16130,1,8,1:0:0:0:
256,192,16280,1,0,1:0:0:0:
256,192,16355,1,8,1:0:0:0:
256,192,16505,1,0,1:0:0:0:
256,192,16655,1,8,1:0:0:0:
256,192,16805,1,0,1:0:0:0:
256,192,16955,1,8,1:0:0:0:
256,192,17105,1,0,1:0:0:0:
256,192,17255,1,8,1:0:0:0:
256,192,17330,1,8,1:0:0:0:
256,192,17480,1,0,1:0:0:0:
256,192,17555,1,0,1:0:0:0:
256,192,17705,1,8,1:0:0:0:
256,192,18005,1,12,1:0:0:0:
256,192,18305,1,8,1:0:0:0:
256,192,18455,1,0,1:0:0:0:
256,192,18605,1,8,1:0:0:0:
256,192,18755,1,8,1:0:0:0:
256,192,18905,1,0,1:0:0:0:
256,192,19055,1,8,1:0:0:0:
256,192,19355,1,0,1:0:0:0:
256,192,19505,1,0,1:0:0:0:
256,192,19655,1,8,1:0:0:0:
256,192,19955,1,8,1:0:0:0:
256,192,20105,1,8,1:0:0:0:
256,192,20255,1,0,1:0:0:0:
256,192,20405,1,0,1:0:0:0:
256,192,20555,1,8,1:0:0:0:
256,192,20705,1,0,1:0:0:0:
256,192,20855,1,8,1:0:0:0:
256,192,21155,1,0,1:0:0:0:
256,192,21305,1,8,1:0:0:0:
256,192,21455,1,8,1:0:0:0:
256,192,21605,1,0,1:0:0:0:
256,192,21755,1,8,1:0:0:0:
256,192,21905,1,0,1:0:0:0:
256,192,22205,1,8,1:0:0:0:
256,192,22355,1,0,1:0:0:0:
256,192,22430,1,0,1:0:0:0:
256,192,22505,1,8,1:0:0:0:
256,192,22655,1,0,1:0:0:0:
256,192,22805,1,12,1:0:0:0:
256,192,23105,1,8,1:0:0:0:
256,192,23255,1,8,1:0:0:0:
256,192,23330,1,0,1:0:0:0:
256,192,23405,1,0,1:0:0:0:
256,192,23555,1,8,1:0:0:0:
256,192,23705,1,8,1:0:0:0:
256,192,23855,1,0,1:0:0:0:
256,192,24005,1,8,1:0:0:0:
256,192,24155,1,0,1:0:0:0:
256,192,24230,1,0,1:0:0:0:
256,192,24305,1,8,1:0:0:0:
256,192,24455,1,8,1:0:0:0:
256,192,24755,1,0,1:0:0:0:
256,192,24905,1,8,1:0:0:0:
256,192,24980,1,8,1:0:0:0:
256,192,25055,1,8,1:0:0:0:
256,192,25205,1,0,1:0:0:0:
256,192,25355,1,0,1:0:0:0:
256,192,25430,1,0,1:0:0:0:
256,192,25505,1,8,1:0:0:0:
256,192,25655,1,0,1:0:0:0:
256,192,25805,1,8,1:0:0:0:
256,192,26105,1,0,1:0:0:0:
256,192,26255,1,8,1:0:0:0:
256,192,26330,1,0,1:0:0:0:
256,192,26405,1,0,1:0:0:0:
256,192,26555,1,0,1:0:0:0:
256,192,26705,1,8,1:0:0:0:
256,192,26855,1,0,1:0:0:0:
256,192,27005,1,0,1:0:0:0:
256,192,27080,1,8,1:0:0:0:
256,192,27155,1,8,1:0:0:0:
256,192,27305,1,8,1:0:0:0:
256,192,27455,1,0,1:0:0:0:
256,192,27605,1,12,1:0:0:0:
256,192,27905,1,0,1:0:0:0:
256,192,28055,1,8,1:0:0:0:
256,192,28130,1,8,1:0:0:0:
256,192,28205,1,8,1:0:0:0:
256,192,28355,1,0,1:0:0:0:
256,192,28505,1,0,1:0:0:0:
256,192,28655,1,8,1:0:0:0:
256,192,28730,1,8,1:0:0:0:
256,192,28805,1,0,1:0:0:0:
256,192,28955,1,0,1:0:0:0:
256,192,29105,1,8,1:0:0:0:
256,192,29255,1,0,1:0:0:0:
256,192,29555,1,8,1:0:0:0:
256,192,29705,1,0,1:0:0:0:
256,192,29855,1,8,1:0:0:0:
256,192,29930,1,8,1:0:0:0:
256,192,30005,1,0,1:0:0:0:
256,192,30155,1,0,1:0:0:0:
256,192,30305,1,8,1:0:0:0:
256,192,30455,1,0,1:0:0:0:
256,192,30530,1,0,1:0:0:0:
256,192,30605,1,0,1:0:0:0:
256,192,30755,1,8,1:0:0:0:
256,192,30905,1,0,1:0:0:0:
256,192,31055,1,8,1:0:0:0:
256,192,31205,1,0,1:0:0:0:
256,192,31355,1,0,1:0:0:0:
256,192,31505,1,8,1:0:0:0:
256,192,31805,1,0,1:0:0:0:
256,192,31955,1,8,1:0:0:0:
256,192,32030,1,8,1:0:0:0:
256,192,32105,1,8,1:0:0:0:
256,192,32255,1,0,1:0:0:0:
256,192,32405,1,12,1:0:0:0:
256,192,32705,1,8,1:0:0:0:
256,192,32855,1,0,1:0:0:0:
256,192,33005,1,8,1:0:0:0:
256,192,33080,1,8,1:0:0:0:
256,192,33155,1,0,1:0:0:0:
256,192,33305,1,0,1:0:0:0:
256,192,33455,1,0,1:0:0:0:
256,192,33605,1,8,1:0:0:0:
256,192,33680,1,0,1:0:0:0:
256,192,33755,1,8,1:0:0:0:
256,192,33905,1,0,1:0:0:0:
256,192,34055,1,8,1:0:0:0:
256,192,34355,1,0,1:0:0:0:
256,192,34505,1,8,1:0:0:0:
256,192,34580,1,8,1:0:0:0:
256,192,34655,1,0,1:0:0:0:
256,192,34805,1,8,1:0:0:0:
256,192,34955,1,0,1:0:0:0:
256,192,35030,1,0,1:0:0:0:
256,192,35105,1,8,1:0:0:0:
256,192,35255,1,0,1:0:0:0:
256,192,35405,1,8,1:0:0:0:
256,192,35555,1,8,1:0:0:0:
256,192,35630,1,8,1:0:0:0:
256,192,35705,1,0,1:0:0:0:
256,192,35855,1,0,1:0:0:0:
256,192,36005,1,8,1:0:0:0:
256,192,36155,1,0,1:0:0:0:
256,192,36230,1,8,1:0:0:0:
256,192,36380,1,0,1:0:0:0:
256,192,36455,1,8,1:0:0:0:
256,192,36605,1,8,1:0:0:0:
256,192,36680,1,0,1:0:0:0:
256,192,36755,1,0,1:0:0:0:
256,192,36905,1,8,1:0:0:0:
256,192,37205,1,12,1:0:0:0:
256,192,37505,1,8,1:0:0:0:
256,192,37655,1,0,1:0:0:0:
256,192,37805,1,8,1:0:0:0:
256,192,37955,1,8,1:0:0:0:
256,192,38105,1,8,1:0:0:0:
256,192,38255,1,8,1:0:0:0:
256,192,38405,1,0,1:0:0:0:
256,192,38480,1,0,1:0:0:0:
256,192,38555,1,8,1:0:0:0:
256,192,38705,1,8,1:0:0:0:
256,192,38855,1,8,1:0:0:0:
256,192,39005,1,0,1:0:0:0:
256,192,39080,1,8,1:0:0:0:
256,192,39155,1,0,1:0:0:0:
256,192,39305,1,8,1:0:0:0:
256,192,39605,1,0,1:0:0:0:
256,192,39680,1,0,1:0:0:0:
256,192,39755,1,0,1:0:0:0:
256,192,39905,1,8,1:0:0:0:
256,192,40055,1,0,1:0:0:0:
256,192,40205,1,8,1:0:0:0:
256,192,40280,1,8,1:0:0:0:
256,192,40355,1,8,1:0:0:0:
256,192,40505,1,8,1:0:0:0:
256,192,40655,1,0,1:0:0:0:
256,192,40805,1,0,1:0:0:0:
256,192,40880,1,8,1:0:0:0:
256,192,40955,1,0,1:0:0:0:
256,192,41105,1,8,1:0:0:0:
256,192,41255,1,0,1:0:0:0:
256,192,41405,1,8,1:0:0:0:
256,192,41480,1,0,1:0:0:0:
256,192,41555,1,8,1:0:0:0:
256,192,41705,1,8,1:0:0:0:
256,192,42005,1,12,1:0:0:0:
256,192,42305,1,8,1:0:0:0:
256,192,42455,1,0,1:0:0:0:
256,192,42605,1,8,1:0:0:0:
256,192,42755,1,8,1:0:0:0:
256,192,42905,1,8,1:0:0:0:
256,192,43055,1,0,1:0:0:0:
256,192,43205,1,0,1:0:0:0:
256,192,43280,1,0,1:0:0:0:
256,192,43355,1,0,1:0:0:0:
256,192,43505,1,8,1:0:0:0:
256,192,43655,1,0,1:0:0:0:
256,192,43805,1,8,1:0:0:0:
256,192,44105,1,8,1:0:0:0:
256,192,44255,1,0,1:0:0:0:
256,192,44405,1,8,1:0:0:0:
256,192,44555,1,0,1:0:0:0:
256,192,44630,1,0,1:0:0:0:
256,192,44705,1,8,1:0:0:0:
256,192,44855,1,0,1:0:0:0:
256,192,45005,1,8,1:0:0:0:
256,192,45155,1,8,1:0:0:0:
256,192,45230,1,8,1:0:0:0:
256,192,45305,1,8,1:0:0:0:
256,192,45455,1,0,1:0:0:0:
256,192,45605,1,8,1:0:0:0:
256,192,45680,1,0,1:0:0:0:
256,192,45755,1,8,1:0:0:0:
256,192,45830,1,0,1:0:0:0:
256,192,45905,1,8,1:0:0:0:
256,192,46055,1,0,1:0:0:0:
256,192,46205,1,8,1:0:0:0:
256,192,46280,1,8,1:0:0:0:
256,192,46355,1,8,1:0:0:0:
256,192,46505,1,0,1:0:0:0:
256,192,46655,1,8,1:0:0:0:
256,192,46730,1,8,1:0:0:0:
256,192,46805,1,0,1:0:0:0:
256,192,47105,1,8,1:0:0:0:
256,192,47255,1,0,1:0:0:0:
256,192,47330,1,8,1:0:0:0:
256,192,47405,1,0,1:0:0:0:
256,192,47555,1,8,1:0:0:0:
256,192,47705,1,4,1:0:0:0:
256,192,48005,1,12,1:0:0:0:
256,192,48305,1,8,1:0:0:0:
256,192,48455,1,0,1:0:0:0:
256,192,48605,1,8,1:0:0:0:
256,192,48680,1,0,1:0:0:0:
256,192,48755,1,0,1:0:0:0:
256,192,48830,1,0,1:0:0:0:
256,192,48905,1,8,1:0:0:0:
256,192,49055,1,8,1:0:0:0:
256,192,49205,1,0,1:0:0:0:
256,192,49355,1,8,1:0:0:0:
256,192,49430,1,0,1:0:0:0:
256,192,49505,1,0,1:0:0:0:
256,192,49655,1,8,1:0:0:0:
256,192,49805,1,8,1:0:0:0:
256,192,49880,1,8,1:0:0:0:
256,192,49955,1,0,1:0:0:0:
256,192,50105,1,8,1:0:0:0:
256,192,50405,1,8,1:0:0:0:
256,192,50555,1,0,1:0:0:0:
256,192,50705,1,8,1:0:0:0:
256,192,50855,1,0,1:0:0:0:
256,192,50930,1,0,1:0:0:0:
256,192,51005,1,8,1:0:0:0:
256,192,51080,1,0,1:0:0:0:
256,192,51155,1,8,1:0:0:0:
256,192,51305,1,0,1:0:0:0:
256,192,51455,1,8,1:0:0:0:
256,192,51605,1,8,1:0:0:0:
256,192,51680,1,0,1:0:0:0:
256,192,51755,1,0,1:0:0:0:
256,192,51905,1,0,1:0:0:0:
256,192,52055,1,8,1:0:0:0:
256,192,52205,1,8,1:0:0:0:
256,192,52280,1,8,1:0:0:0:
256,192,52355,1,0,1:0:0:0:
256,192,52505,1,8,1:0:0:0:
256,192,52655,1,0,1:0:0:0:
256,192,52805,1,8,1:0:0:0:
256,192,53105,1,8,1:0:0:0:
256,192,53255,1,0,1:0:0:0:
256,192,53405,1,8,1:0:0:0:
256,192,53480,1,8,1:0:0:0:
256,192,53555,1,0,1:0:0:0:
256,192,53630,1,8,1:0:0:0:
256,192,53705,1,0,1:0:0:0:
256,192,53855,1,8,1:0:0:0:
256,192,54005,1,0,1:0:0:0:
256,192,54155,1,8,1:0:0:0:
256,192,54230,1,0,1:0:0:0:
256,192,54305,1,0,1:0:0:0:
256,192,54455,1,0,1:0:0:0:
256,192,54605,1,8,1:0:0:0:
256,192,54680,1,0,1:0:0:0:
256,192,54755,1,8,1:0:0:0:
256,192,54905,1,0,1:0:0:0:
256,192,55205,1,8,1:0:0:0:
256,192,55355,1,0,1:0:0:0:
256,192,55430,1,0,1:0:0:0:
256,192,55505,1,8,1:0:0:0:
256,192,55655,1,0,1:0:0:0:
256,192,55805,1,8,1:0:0:0:
256,192,55880,1,8,1:0:0:0:
256,192,55955,1,8,1:0:0:0:
256,192,56105,1,0,1:0:0:0:
256,192,56255,1,8,1:0:0:0:
256,192,56405,1,0,1:0:0:0:
256,192,56555,1,0,1:0:0:0:
256,192,56630,1,0,1:0:0:0:
256,192,56705,1,8,1:0:0:0:
256,192,56855,1,8,1:0:0:0:
256,192,57005,1,0,1:0:0:0:
256,192,57080,1,0,1:0:0:0:
256,192,57155,1,0,1:0:0:0:
256,192,57230,1,0,1:0:0:0:
256,192,57305,1,8,1:0:0:0:
256,192,57605,1,12,1:0:0:0:
256,192,57905,1,8,1:0:0:0:
256,192,58055,1,0,1:0:0:0:
256,192,58205,1,8,1:0:0:0:
256,192,58355,1,0,1:0:0:0:
256,192,58430,1,0,1:0:0:0:
256,192,58505,1,8,1:0:0:0:
256,192,58655,1,0,1:0:0:0:
256,192,58805,1,8,1:0:0:0:
256,192,58880,1,8,1:0:0:0:
256,192,58955,1,0,1:0:0:0:
256,192,59030,1,0,1:0:0:0:
256,192,59105,1,8,1:0:0:0:
256,192,59255,1,8,1:0:0:0:
256,192,59405,1,0,1:0:0:0:
256,192,59705,1,8,1:0:0:0:
256,192,59855,1,0,1:0:0:0:
256,192,60005,1,8,1:0:0:0:
256,192,60305,1,8,1:0:0:0:
256,192,60455,1,0,1:0:0:0:
256,192,60605,1,8,1:0:0:0:
256,192,60755,1,0,1:0:0:0:
256,192,60830,1,0,1:0:0:0:
256,192,60905,1,8,1:0:0:0:
256,192,61055,1,8,1:0:0:0:
256,192,61205,1,0,1:0:0:0:
256,192,61280,1,0,1:0:0:0:
256,192,61355,1,8,1:0:0:0:
256,192,61430,1,0,1:0:0:0:
256,192,61505,1,8,1:0:0:0:
256,192,61655,1,8,1:0:0:0:
256,192,61805,1,0,1:0:0:0:
256,192,62105,1,0,1:0:0:0:
256,192,62255,1,0,1:0:0:0:
256,192,62405,1,8,1:0:0:0:
256,192,62705,1,8,1:0:0:0:
256,192,62855,1,0,1:0:0:0:
256,192,63005,1,8,1:0:0:0:
256,192,63155,1,0,1:0:0:0:
256,192,63230,1,0,1:0:0:0:
256,192,63305,1,8,1:0:0:0:
256,192,63455,1,8,1:0:0:0:
256,192,63605,1,0,1:0:0:0:
256,192,63680,1,0,1:0:0:0:
256,192,63755,1,8,1:0:0:0:
256,192,63830,1,8,1:0:0:0:
256,192,63905,1,0,1:0:0:0:
256,192,64055,1,8,1:0:0:0:
256,192,64205,1,0,1:0:0:0:
256,192,64505,1,8,1:0:0:0:
256,192,64655,1,0,1:0:0:0:
256,192,64805,1,12,1:0:0:0:
256,192,65105,1,0,1:0:0:0:
256,192,65255,1,0,1:0:0:0:
256,192,65405,1,12,1:0:0:0:
256,192,65705,1,0,1:0:0:0:
256,192,66005,1,8,1:0:0:0:
256,192,66080,1,8,1:0:0:0:
256,192,66155,1,0,1:0:0:0:
256,192,66305,1,0,1:0:0:0:
256,192,66455,1,8,1:0:0:0:
256,192,66605,1,0,1:0:0:0:
256,192,66680,1,0,1:0:0:0:
256,192,66755,1,8,1:0:0:0:
256,192,66830,1,8,1:0:0:0:
256,192,66905,1,0,1:0:0:0:
256,192,67205,1,12,1:0:0:0:
256,192,67505,1,0,1:0:0:0:
256,192,67655,1,8,1:0:0:0:
256,192,67730,1,0,1:0:0:0:
256,192,67880,1,0,1:0:0:0:
256,192,67955,1,8,1:0:0:0:
256,192,68105,1,0,1:0:0:0:
256,192,68255,1,8,1:0:0:0:
256,192,68405,1,0,1:0:0:0:
256,192,68555,1,8,1:0:0:0:
256,192,68705,1,0,1:0:0:0:
256,192,68855,1,8,1:0:0:0:
256,192,68930,1,0,1:0:0:0:
256,192,69080,1,8,1:0:0:0:
256,192,69230,1,8,1:0:0:0:
256,192,69305,1,8,1:0:0:0:
256,192,69605,1,8,1:0:0:0:
256,192,69755,1,8,1:0:0:0:
256,192,69905,1,0,1:0:0:0:
256,192,70055,1,0,1:0:0:0:
256,192,70130,1,8,1:0:0:0:
256,192,70280,1,8,1:0:0:0:
256,192,70355,1,8,1:0:0:0:
256,192,70505,1,0,1:0:0:0:
256,192,70655,1,0,1:0:0:0:
256,192,70805,1,8,1:0:0:0:
256,192,70955,1,8,1:0:0:0:
256,192,71105,1,0,1:0:0:0:
256,192,71255,1,8,1:0:0:0:
256,192,71330,1,8,1:0:0:0:
256,192,71480,1,0,1:0:0:0:
256,192,71555,1,0,1:0:0:0:
256,192,71705,1,8,1:0:0:0:
256,192,72005,1,12,1:0:0:0:
256,192,72230,1,0,1:0:0:0:
256,192,72455,1,8,1:0:0:0:
256,192,72605,1,0,1:0:0:0:
256,192,72680,1,8,1:0:0:0:
256,192,72830,1,8,1:0:0:0:
256,192,72905,1,8,1:0:0:0:
256,192,73205,1,8,1:0:0:0:
256,192,73430,1,8,1:0:0:0:
256,192,73655,1,0,1:0:0:0:
256,192,73805,1,8,1:0:0:0:
256,192,73880,1,8,1:0:0:0:
256,192,74030,1,8,1:0:0:0:
256,192,74105,1,0,1:0:0:0:
256,192,74405,1,8,1:0:0:0:
256,192,74705,1,8,1:0:0:0:
256,192,74855,1,0,1:0:0:0:
256,192,75005,1,8,1:0:0:0:
256,192,75155,1,0,1:0:0:0:
256,192,75230,1,8,1:0:0:0:
256,192,75305,1,8,1:0:0:0:
256,192,75455,1,8,1:0:0:0:
256,192,75755,1,8,1:0:0:0:
256,192,75905,1,8,1:0:0:0:
256,192,76205,1,8,1:0:0:0:
256,192,76355,1,0,1:0:0:0:
256,192,76430,1,0,1:0:0:0:
256,192,76505,1,8,1:0:0:0:
256,192,76655,1,0,1:0:0:0:
256,192,76805,1,12,1:0:0:0:
256,192,77105,1,8,1:0:0:0:
256,192,77255,1,0,1:0:0:0:
256,192,77405,1,8,1:0:0:0:
256,192,77480,1,0,1:0:0:0:
256,192,77555,1,8,1:0:0:0:
256,192,77705,1,0,1:0:0:0:
256,192,77855,1,0,1:0:0:0:
256,192,78005,1,8,1:0:0:0:
256,192,78155,1,0,1:0:0:0:
256,192,78230,1,0,1:0:0:0:
256,192,78305,1,8,1:0:0:0:
256,192,78455,1,8,1:0:0:0:
256,192,78755,1,0,1:0:0:0:
256,192,78905,1,8,1:0:0:0:
256,192,78980,1,0,1:0:0:0:
256,192,79055,1,8,1:0:0:0:
256,192,79205,1,0,1:0:0:0:
256,192,79505,1,0,1:0:0:0:
256,192,79655,1,0,1:0:0:0:
256,192,79805,1,8,1:0:0:0:
256,192,79955,1,8,1:0:0:0:
256,192,80030,1,8,1:0:0:0:
256,192,80105,1,0,1:0:0:0:
256,192,80255,1,0,1:0:0:0:
256,192,80405,1,8,1:0:0:0:
256,192,80555,1,8,1:0:0:0:
256,192,80705,1,0,1:0:0:0:
256,192,80780,1,0,1:0:0:0:
256,192,80855,1,8,1:0:0:0:
256,192,80930,1,8,1:0:0:0:
256,192,81005,1,0,1:0:0:0:
256,192,81155,1,0,1:0:0:0:
256,192,81305,1,8,1:0:0:0:
256,192,81455,1,0,1:0:0:0:
256,192,81605,1,12,1:0:0:0:
256,192,81905,1,0,1:0:0:0:
256,192,82055,1,0,1:0:0:0:
256,192,82205,1,8,1:0:0:0:
256,192,82280,1,0,1:0:0:0:
256,192,82355,1,0,1:0:0:0:
256,192,82505,1,8,1:0:0:0:
256,192,82655,1,8,1:0:0:0:
256,192,82805,1,0,1:0:0:0:
256,192,82880,1,0,1:0:0:0:
256,192,82955,1,0,1:0:0:0:
256,192,83105,1,8,1:0:0:0:
256,192,83255,1,0,1:0:0:0:
256,192,83405,1,8,1:0:0:0:
256,192,83705,1,0,1:0:0:0:
256,192,83855,1,8,1:0:0:0:
256,192,84005,1,0,1:0:0:0:
256,192,84080,1,8,1:0:0:0:
256,192,84155,1,0,1:0:0:0:
256,192,84305,1,8,1:0:0:0:
256,192,84455,1,0,1:0:0:0:
256,192,84605,1,8,1:0:0:0:
256,192,84680,1,0,1:0:0:0:
256,192,84755,1,8,1:0:0:0:
256,192,84905,1,8,1:0:0:0:
256,192,85055,1,0,1:0:0:0:
256,192,85205,1,8,1:0:0:0:
256,192,85280,1,8,1:0:0:0:
256,192,85355,1,8,1:0:0:0:
256,192,85505,1,0,1:0:0:0:
256,192,85655,1,8,1:0:0:0:
256,192,85805,1,0,1:0:0:0:
256,192,85880,1,0,1:0:0:0:
256,192,85955,1,0,1:0:0:0:
256,192,86105,1,8,1:0:0:0:
256,192,86405,1,12,1:0:0:0:
256,192,86705,1,8,1:0:0:0:
256,192,86855,1,0,1:0:0:0:
256,192,87005,1,12,1:0:0:0:
256,192,87305,1,0,1:0:0:0:
256,192,87455,1,0,1:0:0:0:
256,192,87605,1,12,1:0:0:0:
256,192,87905,1,8,1:0:0:0:
256,192,88055,1,0,1:0:0:0:
256,192,88205,1,12,1:0:0:0:
256,192,88505,1,0,1:0:0:0:
256,192,88655,1,0,1:0:0:0:
256,192,88805,1,12,1:0:0:0:
256,192,88955,1,0,1:0:0:0:
256,192,89030,1,0,1:0:0:0:
256,192,89105,1,8,1:0:0:0:
256,192,89255,1,0,1:0:0:0:
256,192,89405,1,12,1:0:0:0:
256,192,89555,1,0,1:0:0:0:
256,192,89630,1,8,1:0:0:0:
256,192,89705,1,8,1:0:0:0:
256,192,89855,1,0,1:0:0:0:
256,192,90005,1,8,1:0:0:0:
256,192,90080,1,0,1:0:0:0:
256,192,90155,1,8,1:0:0:0:
256,192,90230,1,0,1:0:0:0:
256,192,90305,1,8,1:0:0:0:
256,192,90455,1,0,1:0:0:0:
256,192,90605,1,8,1:0:0:0:
256,192,90680,1,8,1:0:0:0:
256,192,90755,1,8,1:0:0:0:
256,192,90905,1,0,1:0:0:0:
256,192,91055,1,8,1:0:0:0:
256,192,91130,1,8,1:0:0:0:
256,192,91205,1,0,1:0:0:0:
256,192,91505,1,8,1:0:0:0:
256,192,91805,1,8,1:0:0:0:
256,192,92105,1,4,1:0:0:0:
256,192,92405,1,12,1:0:0:0:
256,192,92705,1,8,1:0:0:0:
256,192,92855,1,0,1:0:0:0:
256,192,93005,1,8,1:0:0:0:
256,192,93080,1,0,1:0:0:0:
256,192,93155,1,0,1:0:0:0:
256,192,93230,1,0,1:0:0:0:
256,192,93305,1,8,1:0:0:0:
256,192,93455,1,0,1:0:0:0:
256,192,93605,1,8,1:0:0:0:
256,192,93755,1,0,1:0:0:0:
256,192,93830,1,0,1:0:0:0:
256,192,93905,1,8,1:0:0:0:
256,192,93980,1,0,1:0:0:0:
256,192,94055,1,0,1:0:0:0:
256,192,94205,1,8,1:0:0:0:
256,192,94355,1,0,1:0:0:0:
256,192,94430,1,0,1:0:0:0:
256,192,94505,1,8,1:0:0:0:
256,192,94805,1,8,1:0:0:0:
256,192,94955,1,0,1:0:0:0:
256,192,95030,1,8,1:0:0:0:
256,192,95105,1,8,1:0:0:0:
256,192,95255,1,0,1:0:0:0:
256,192,95405,1,8,1:0:0:0:
256,192,95480,1,8,1:0:0:0:
256,192,95555,1,0,1:0:0:0:
256,192,95630,1,0,1:0:0:0:
256,192,95705,1,8,1:0:0:0:
256,192,95855,1,0,1:0:0:0:
256,192,96005,1,8,1:0:0:0:
256,192,96155,1,0,1:0:0:0:
256,192,96230,1,0,1:0:0:0:
256,192,96305,1,8,1:0:0:0:
256,192,96380,1,8,1:0:0:0:
256,192,96455,1,0,1:0:0:0:
256,192,96605,1,8,1:0:0:0:
256,192,96755,1,0,1:0:0:0:
256,192,96830,1,0,1:0:0:0:
256,192,96905,1,8,1:0:0:0:
256,192,97055,1,8,1:0:0:0:
256,192,97205,1,8,1:0:0:0:
256,192,97505,1,8,1:0:0:0:
256,192,97655,1,0,1:0:0:0:
256,192,97805,1,8,1:0:0:0:
256,192,97880,1,0,1:0:0:0:
256,192,97955,1,0,1:0:0:0:
256,192,98030,1,0,1:0:0:0:
256,192,98105,1,8,1:0:0:0:
256,192,98255,1,0,1:0:0:0:
256,192,98405,1,8,1:0:0:0:
256,192,98555,1,0,1:0:0:0:
256,192,98630,1,0,1:0:0:0:
256,192,98705,1,8,1:0:0:0:
256,192,98855,1,0,1:0:0:0:
256,192,98930,1,0,1:0:0:0:
256,192,99005,1,8,1:0:0:0:
256,192,99080,1,0,1:0:0:0:
256,192,99155,1,0,1:0:0:0:
256,192,99305,1,8,1:0:0:0:
256,192,99605,1,8,1:0:0:0:
256,192,99755,1,0,1:0:0:0:
256,192,99830,1,8,1:0:0:0:
256,192,99905,1,8,1:0:0:0:
256,192,100055,1,0,1:0:0:0:
256,192,100205,1,8,1:0:0:0:
256,192,100280,1,8,1:0:0:0:
256,192,100355,1,0,1:0:0:0:
256,192,100505,1,8,1:0:0:0:
256,192,100655,1,0,1:0:0:0:
256,192,100730,1,8,1:0:0:0:
256,192,100805,1,8,1:0:0:0:
256,192,100880,1,8,1:0:0:0:
256,192,100955,1,0,1:0:0:0:
256,192,101105,1,8,1:0:0:0:
256,192,101255,1,0,1:0:0:0:
256,192,101405,1,8,1:0:0:0:
256,192,101480,1,8,1:0:0:0:
256,192,101555,1,8,1:0:0:0:
256,192,101705,1,8,1:0:0:0:
256,192,101855,1,0,1:0:0:0:
256,192,102005,1,12,1:0:0:0:
256,192,102305,1,0,1:0:0:0:
256,192,102455,1,0,1:0:0:0:
256,192,102605,1,8,1:0:0:0:
256,192,102755,1,8,1:0:0:0:
256,192,102830,1,8,1:0:0:0:
256,192,102905,1,0,1:0:0:0:
256,192,103055,1,8,1:0:0:0:
256,192,103355,1,0,1:0:0:0:
256,192,103655,1,0,1:0:0:0:
256,192,103805,1,0,1:0:0:0:
256,192,103880,1,0,1:0:0:0:
256,192,103955,1,8,1:0:0:0:
256,192,104105,1,8,1:0:0:0:
256,192,104405,1,0,1:0:0:0:
256,192,104705,1,8,1:0:0:0:
256,192,104855,1,0,1:0:0:0:
256,192,105005,1,8,1:0:0:0:
256,192,105155,1,0,1:0:0:0:
256,192,105230,1,0,1:0:0:0:
256,192,105305,1,0,1:0:0:0:
256,192,105455,1,8,1:0:0:0:
256,192,105605,1,0,1:0:0:0:
256,192,105830,1,0,1:0:0:0:
256,192,106055,1,0,1:0:0:0:
256,192,106205,1,8,1:0:0:0:
256,192,106355,1,0,1:0:0:0:
256,192,106505,1,0,1:0:0:0:
256,192,106580,1,0,1:0:0:0:
256,192,106655,1,8,1:0:0:0:
256,192,106805,1,4,1:0:0:0:
256,192,107105,1,8,1:0:0:0:
256,192,107255,1,0,1:0:0:0:
256,192,107405,1,8,1:0:0:0:
256,192,107555,1,8,1:0:0:0:
256,192,107630,1,8,1:0:0:0:
256,192,107705,1,0,1:0:0:0:
256,192,107855,1,0,1:0:0:0:
256,192,108005,1,8,1:0:0:0:
256,192,108155,1,0,1:0:0:0:
256,192,108455,1,0,1:0:0:0:
256,192,108605,1,8,1:0:0:0:
256,192,108755,1,0,1:0:0:0:
256,192,108830,1,0,1:0:0:0:
256,192,108905,1,8,1:0:0:0:
256,192,109055,1,0,1:0:0:0:
256,192,109205,1,8,1:0:0:0:
256,192,109505,1,0,1:0:0:0:
256,192,109805,1,8,1:0:0:0:
256,192,109955,1,8,1:0:0:0:
256,192,110105,1,0,1:0:0:0:
256,192,110255,1,0,1:0:0:0:
256,192,110405,1,8,1:0:0:0:
256,192,110555,1,0,1:0:0:0:
256,192,110630,1,0,1:0:0:0:
256,192,110705,1,0,1:0:0:0:
256,192,110855,1,8,1:0:0:0:
256,192,111005,1,0,1:0:0:0:
256,192,111080,1,0,1:0:0:0:
256,192,111155,1,8,1:0:0:0:
256,192,111305,1,4,1:0:0:0:
256,192,111605,1,12,1:0:0:0:
256,192,111905,1,8,1:0:0:0:
256,192,112055,1,0,1:0:0:0:
256,192,112205,1,8,1:0:0:0:
256,192,112280,1,8,1:0:0:0:
256,192,112355,1,0,1:0:0:0:
256,192,112430,1,0,1:0:0:0:
256,192,112505,1,8,1:0:0:0:
256,192,112655,1,0,1:0:0:0:
256,192,112805,1,8,1:0:0:0:
256,192,112955,1,0,1:0:0:0:
256,192,113030,1,0,1:0:0:0:
256,192,113105,1,8,1:0:0:0:
256,192,113255,1,0,1:0:0:0:
256,192,113555,1,0,1:0:0:0:
256,192,113630,1,8,1:0:0:0:
256,192,113705,1,0,1:0:0:0:
256,192,113855,1,0,1:0:0:0:
256,192,114155,1,8,1:0:0:0:
256,192,114230,1,8,1:0:0:0:
256,192,114305,1,0,1:0:0:0:
256,192,114455,1,8,1:0:0:0:
256,192,114605,1,0,1:0:0:0:
256,192,114680,1,0,1:0:0:0:
256,192,114755,1,8,1:0:0:0:
256,192,115055,1,0,1:0:0:0:
256,192,115205,1,0,1:0:0:0:
256,192,115280,1,0,1:0:0:0:
256,192,115355,1,8,1:0:0:0:
256,192,115430,1,8,1:0:0:0:
256,192,115505,1,0,1:0:0:0:
256,192,115655,1,0,1:0:0:0:
256,192,115805,1,8,1:0:0:0:
256,192,115880,1,8,1:0:0:0:
256,192,115955,1,0,1:0:0:0:
256,192,116030,1,0,1:0:0:0:
256,192,116105,1,8,1:0:0:0:
256,192,116405,1,12,1:0:0:0:
256,192,116555,1,0,1:0:0:0:
256,192,116630,1,0,1:0:0:0:
256,192,116705,1,0,1:0:0:0:
256,192,116855,1,0,1:0:0:0:
256,192,116930,1,0,1:0:0:0:
256,192,117005,1,8,1:0:0:0:
256,192,117080,1,8,1:0:0:0:
256,192,117155,1,0,1:0:0:0:
256,192,117305,1,8,1:0:0:0:
256,192,117605,1,8,1:0:0:0:
256,192,117680,1,8,1:0:0:0:
256,192,117755,1,0,1:0:0:0:
256,192,117830,1,0,1:0:0:0:
256,192,117905,1,8,1:0:0:0:
256,192,118055,1,8,1:0:0:0:
256,192,118205,1,0,1:0:0:0:
256,192,118355,1,8,1:0:0:0:
256,192,118430,1,8,1:0:0:0:
256,192,118505,1,0,1:0:0:0:
256,192,118805,1,0,1:0:0:0:
256,192,118955,1,8,1:0:0:0:
256,192,119030,1,8,1:0:0:0:
256,192,119105,1,0,1:0:0:0:
256,192,119255,1,0,1:0:0:0:
256,192,119330,1,0,1:0:0:0:
256,192,119405,1,8,1:0:0:0:
256,192,119480,1,8,1:0:0:0:
256,192,119555,1,0,1:0:0:0:
256,192,119705,1,8,1:0:0:0:
256,192,119855,1,0,1:0:0:0:
256,192,119930,1,0,1:0:0:0:
256,192,120005,1,8,1:0:0:0:
256,192,120305,1,0,1:0:0:0:
256,192,120455,1,0,1:0:0:0:
256,192,120605,1,8,1:0:0:0:
256,192,120755,1,8,1:0:0:0:
256,192,120830,1,8,1:0:0:0:
256,192,120905,1,0,1:0:0:0:
256,192,121055,1,0,1:0:0:0:
256,192,121205,1,12,1:0:0:0:
256,192,124355,1,8,1:0:0:0:
256,192,124505,1,4,1:0:0:0:
256,192,124805,1,12,1:0:0:0:
256,192,125105,1,8,1:0:0:0:
256,192,125255,1,0,1:0:0:0:
256,192,125405,1,8,1:0:0:0:
256,192,125480,1,8,1:0:0:0:
256,192,125555,1,0,1:0:0:0:
256,192,125630,1,0,1:0:0:0:
256,192,125705,1,8,1:0:0:0:
256,192,125855,1,8,1:0:0:0:
256,192,126005,1,0,1:0:0:0:
256,192,126155,1,8,1:0:0:0:
256,192,126230,1,0,1:0:0:0:
256,192,126305,1,0,1:0:0:0:
256,192,126455,1,8,1:0:0:0:
256,192,126605,1,8,1:0:0:0:
256,192,126680,1,0,1:0:0:0:
256,192,126755,1,0,1:0:0:0:
256,192,126830,1,0,1:0:0:0:
256,192,126905,1,8,1:0:0:0:
256,192,127205,1,8,1:0:0:0:
256,192,127355,1,0,1:0:0:0:
256,192,127505,1,8,1:0:0:0:
256,192,127655,1,0,1:0:0:0:
256,192,127730,1,0,1:0:0:0:
256,192,127805,1,8,1:0:0:0:
256,192,127880,1,0,1:0:0:0:
256,192,127955,1,8,1:0:0:0:
256,192,128105,1,0,1:0:0:0:
256,192,128255,1,8,1:0:0:0:
256,192,128405,1,8,1:0:0:0:
256,192,128480,1,0,1:0:0:0:
256,192,128555,1,0,1:0:0:0:
256,192,128705,1,8,1:0:0:0:
256,192,128855,1,8,1:0:0:0:
256,192,129005,1,0,1:0:0:0:
256,192,129080,1,0,1:0:0:0:
256,192,129155,1,8,1:0:0:0:
256,192,129230,1,8,1:0:0:0:
256,192,129305,1,0,1:0:0:0:
256,192,129455,1,0,1:0:0:0:
256,192,129605,1,8,1:0:0:0:
256,192,129905,1,8,1:0:0:0:
256,192,130055,1,0,1:0:0:0:
256,192,130205,1,8,1:0:0:0:
256,192,130280,1,8,1:0:0:0:
256,192,130355,1,0,1:0:0:0:
256,192,130430,1,8,1:0:0:0:
256,192,130505,1,0,1:0:0:0:
256,192,130655,1,8,1:0:0:0:
256,192,130805,1,0,1:0:0:0:
256,192,130955,1,8,1:0:0:0:
256,192,131030,1,0,1:0:0:0:
256,192,131105,1,8,1:0:0:0:
256,192,131255,1,0,1:0:0:0:
256,192,131405,1,8,1:0:0:0:
256,192,131480,1,8,1:0:0:0:
256,192,131555,1,0,1:0:0:0:
256,192,131630,1,0,1:0:0:0:
256,192,131705,1,8,1:0:0:0:
256,192,132005,1,8,1:0:0:0:
256,192,132155,1,0,1:0:0:0:
256,192,132230,1,0,1:0:0:0:
256,192,132305,1,8,1:0:0:0:
256,192,132455,1,0,1:0:0:0:
256,192,132605,1,0,1:0:0:0:
256,192,132680,1,0,1:0:0:0:
256,192,132755,1,8,1:0:0:0:
256,192,132830,1,8,1:0:0:0:
256,192,132905,1,0,1:0:0:0:
256,192,133055,1,8,1:0:0:0:
256,192,133205,1,0,1:0:0:0:
256,192,133355,1,0,1:0:0:0:
256,192,133430,1,0,1:0:0:0:
256,192,133505,1,8,1:0:0:0:
256,192,133655,1,8,1:0:0:0:
256,192,133805,1,0,1:0:0:0:
256,192,133880,1,0,1:0:0:0:
256,192,133955,1,0,1:0:0:0:
256,192,134030,1,0,1:0:0:0:
256,192,134105,1,8,1:0:0:0:
256,192,134405,1,12,1:0:0:0:
256,192,134705,1,8,1:0:0:0:
256,192,134855,1,0,1:0:0:0:
256,192,135005,1,8,1:0:0:0:
256,192,135155,1,0,1:0:0:0:
256,192,135230,1,0,1:0:0:0:
256,192,135305,1,8,1:0:0:0:
256,192,135455,1,0,1:0:0:0:
256,192,135605,1,8,1:0:0:0:
256,192,135680,1,8,1:0:0:0:
256,192,135755,1,8,1:0:0:0:
256,192,135830,1,8,1:0:0:0:
256,192,135905,1,0,1:0:0:0:
256,192,136055,1,8,1:0:0:0:
256,192,136205,1,0,1:0:0:0:
256,192,136355,1,0,1:0:0:0:
256,192,136430,1,0,1:0:0:0:
256,192,136505,1,8,1:0:0:0:
256,192,136655,1,0,1:0:0:0:
256,192,136805,1,8,1:0:0:0:
256,192,137105,1,8,1:0:0:0:
256,192,137255,1,0,1:0:0:0:
256,192,137405,1,8,1:0:0:0:
256,192,137555,1,0,1:0:0:0:
256,192,137630,1,0,1:0:0:0:
256,192,137705,1,8,1:0:0:0:
256,192,137855,1,8,1:0:0:0:
256,192,138005,1,8,1:0:0:0:
256,192,138080,1,8,1:0:0:0:
256,192,138155,1,0,1:0:0:0:
256,192,138230,1,0,1:0:0:0:
256,192,138305,1,8,1:0:0:0:
256,192,138455,1,8,1:0:0:0:
256,192,138605,1,0,1:0:0:0:
256,192,138755,1,8,1:0:0:0:
256,192,138830,1,8,1:0:0:0:
256,192,138905,1,0,1:0:0:0:
256,192,139055,1,0,1:0:0:0:
256,192,139205,1,8,1:0:0:0:
256,192,139505,1,8,1:0:0:0:
256,192,139655,1,0,1:0:0:0:
256,192,139805,1,8,1:0:0:0:
256,192,139955,1,0,1:0:0:0:
256,192,140030,1,8,1:0:0:0:
256,192,140105,1,0,1:0:0:0:
256,192,140255,1,8,1:0:0:0:
256,192,140405,1,0,1:0:0:0:
256,192,140480,1,0,1:0:0:0:
256,192,140555,1,8,1:0:0:0:
256,192,140630,1,8,1:0:0:0:
256,192,140705,1,0,1:0:0:0:
256,192,140855,1,8,1:0:0:0:
256,192,141005,1,0,1:0:0:0:
256,192,141155,1,0,1:0:0:0:
256,192,141230,1,0,1:0:0:0:
256,192,141305,1,8,1:0:0:0:
256,192,141455,1,0,1:0:0:0:
256,192,141605,1,12,1:0:0:0:
256,192,141905,1,0,1:0:0:0:
256,192,142055,1,0,1:0:0:0:
256,192,142205,1,12,1:0:0:0:
256,192,142505,1,0,1:0:0:0:
256,192,142805,1,8,1:0:0:0:
256,192,142880,1,0,1:0:0:0:
256,192,142955,1,0,1:0:0:0:
256,192,143105,1,8,1:0:0:0:
256,192,143255,1,0,1:0:0:0:
256,192,143405,1,0,1:0:0:0:
256,192,143480,1,0,1:0:0:0:
256,192,143555,1,8,1:0:0:0:
256,192,143630,1,8,1:0:0:0:
256,192,143705,1,0,1:0:0:0:
256,192,144005,1,12,1:0:0:0:
256,192,144305,1,0,1:0:0:0:
256,192,144455,1,8,1:0:0:0:
256,192,144530,1,0,1:0:0:0:
256,192,144680,1,0,1:0:0:0:
256,192,144755,1,8,1:0:0:0:
256,192,144905,1,0,1:0:0:0:
256,192,145055,1,8,1:0:0:0:
256,192,145205,1,0,1:0:0:0:
256,192,145355,1,8,1:0:0:0:
256,192,145505,1,0,1:0:0:0:
256,192,145655,1,8,1:0:0:0:
256,192,145730,1,8,1:0:0:0:
256,192,145880,1,0,1:0:0:0:
256,192,145955,1,8,1:0:0:0:
256,192,146105,1,0,1:0:0:0:
256,192,146405,1,8,1:0:0:0:
256,192,146555,1,8,1:0:0:0:
256,192,146705,1,0,1:0:0:0:
256,192,146855,1,8,1:0:0:0:
256,192,146930,1,8,1:0:0:0:
256,192,147080,1,0,1:0:0:0:
256,192,147155,1,0,1:0:0:0:
256,192,147305,1,8,1:0:0:0:
256,192,147455,1,4,1:0:0:0:
